3403 3462 3.874451
3091 3135 1.473809
1105 1346 1.42742
1425 1438 0.968371
693 1096 2.758467
2518 2751 2.232587
1434 2163 0.101221
1848 1968 3.597249
3044 3377 3.279884
3168 1503 4.586453
1588 1589 3.226607
485 503 3.475877
2126 3370 0.066809
352 3473 2.694007
564 661 3.564765
2581 2729 3.958238
3571 3601 2.943003
2389 2908 2.803647
3315 3403 4.354483
2551 2107 2.680233
3146 3201 2.739527
2269 2456 1.646616
515 1253 1.46092
1063 2208 0.140666
2289 2763 0.618495
3110 3281 2.81355
3443 3445 4.068968
1427 1505 2.290636
490 1008 1.270996
534 957 2.990469
3528 3534 4.20724
2305 2330 2.978823
2944 3364 1.771455
2769 2189 4.227678
3048 3058 2.313462
522 743 4.373066
3583 2057 2.295183
107 1158 3.167106
2244 2111 0.417979
3169 3221 0.325462
2959 3006 0.62934
546 859 1.780183
556 913 2.97125
2966 3433 0.287862
1843 2031 1.717155
1008 1192 1.354397
1416 3204 2.461088
1450 1460 4.02405
2637 2872 0.827083
199 265 2.412007
4008 4028 1.869932
2959 3006 0.62934
1843 1968 1.760624
2126 3146 2.530263
2305 2330 2.978823
3135 3146 2.911714
352 3221 1.667233
693 1253 0.692199
490 1192 3.468703
352 3006 0.923133
3146 3315 3.572417
3110 3146 4.730922
3135 3403 0.569348
2126 3443 4.965546
534 1253 4.265521
3091 3146 1.455184
3146 3403 1.980017
3110 3169 0.387379
3370 3403 1.646337
3058 3377 4.717464
107 1008 2.497128
3044 3048 1.942548
3110 3146 4.730922
352 3377 0.833093
1425 1450 2.580673
3058 3403 2.183287
3377 3433 1.816234
2944 3443 3.416639
3169 3221 0.325462
3403 3433 4.671334
107 1063 2.525721
352 1434 4.967342
1425 1503 1.452261
2966 3169 1.913298
107 534 1.15468
3058 3377 4.717464
3315 3445 2.451412
661 1253 3.626928
3168 3204 2.196308
534 957 2.990469
3044 3370 1.94722
3044 3201 4.232535
2389 2908 2.803647
1105 1346 1.42742
3281 2163 1.274755
2966 3281 2.81659
3364 3462 4.928402
2966 3315 0.732263
3146 3403 1.980017
3201 3433 4.32259
2581 2729 3.958238
3403 3445 4.403903
1416 1460 1.903458
2944 3462 3.794693
352 1427 2.795557
352 1427 2.795557
661 1192 2.37528
3583 2057 2.295183
3135 3377 4.258135
2518 2751 2.232587
3110 3443 1.264388
3048 3315 0.415002
107 1105 2.797236
3110 3135 3.048806
1063 1503 4.537094
957 1105 2.346665
352 3281 3.680948
3146 3370 3.258962
107 490 4.411514
2126 3221 4.522416
1427 3473 0.043571
1434 1460 2.22262
2944 2966 3.017299
352 3058 1.389062
2305 2551 1.852188
534 957 2.990469
352 3377 0.833093
2126 1425 1.322353
661 1096 2.504429
3281 2163 1.274755
2944 3443 3.416639
107 1105 2.797236
2966 3281 2.81659
2244 2551 4.356032
3169 3201 0.978474
3168 1503 4.586453
564 661 3.564765
352 3443 4.806902
352 3370 0.732409
3135 3169 1.071624
3135 3169 1.071624
107 913 3.622489
3433 3445 0.80889
534 1253 4.265521
693 957 3.873856
661 1346 1.061248
693 1105 1.555939
556 913 2.97125
1063 1460 1.673229
534 1253 4.265521
515 1253 1.46092
1427 3169 4.454221
3168 3204 2.196308
3443 3445 4.068968
3048 3146 2.948356
2966 3281 2.81659
1425 3204 4.599413
3169 3462 3.544954
3146 3433 0.549882
3201 3364 0.957631
3377 3433 1.816234
352 2126 1.706118
2966 3169 1.913298
3110 3433 1.287996
2389 2908 2.803647
3110 3169 0.387379
3169 3221 0.325462
352 3006 0.923133
2126 1416 2.288233
2126 3445 4.621012
2966 3377 1.674517
3169 3201 0.978474
3091 3221 2.245705
3315 3403 4.354483
490 1008 1.270996
490 1008 1.270996
3221 3281 2.373386
2163 1503 3.740732
2966 3091 0.288922
515 1192 1.258537
107 556 4.402097
352 1438 3.882164
546 859 1.780183
2518 2751 2.232587
1416 3204 2.461088
2944 3433 2.987467
1416 1450 3.301544
661 1346 1.061248
3048 3058 2.313462
2126 2966 1.021275
3169 3443 3.696857
3370 3403 1.646337
3058 3433 4.093108
2126 1416 2.288233
2551 2908 0.434008
1438 1503 1.936255
3091 3221 2.245705
522 743 4.373066
1425 2163 2.441312
3377 3433 1.816234
1434 1460 2.22262
2944 3058 1.715743
3146 3201 2.739527
3168 3204 2.196308
546 743 1.232307
2126 3058 3.166572
2769 2189 4.227678
3169 3364 1.934176
2944 3135 2.777725
3091 3445 2.34741
3135 3403 0.569348
564 1253 3.992975
107 661 0.976119
1434 1460 2.22262
534 1008 0.443337
107 515 4.243297
2305 2908 3.56739
2126 1503 2.955984
1843 1968 1.760624
3135 3377 4.258135
3169 3433 0.515027
1450 1460 4.02405
107 859 3.581289
3169 3364 1.934176
503 1192 1.000712
3169 3281 4.632802
661 1192 2.37528
2944 3445 3.446428
352 2944 4.999057
2107 2763 4.043634
2966 3281 2.81659
3315 3445 2.451412
564 1253 3.992975
2305 2551 1.852188
3058 3135 1.809933
3058 3315 0.552763
485 503 3.475877
503 1096 0.441375
3135 3201 3.311316
3377 3443 0.747171
1425 1434 3.651755
352 1438 3.882164
2126 2163 4.809808
2126 3443 4.965546
3110 3315 4.321162
564 661 3.564765
352 3443 4.806902
2551 2908 0.434008
2581 2769 2.884637
1427 1505 2.290636
