1045 1169 3.650782
1418 2156 1.449717
2405 2923 4.548744
2944 3130 4.179953
815 1089 3.202917
107 605 0.192484
2303 2640 3.935259
2209 1490 1.084522
2936 1443 1.066198
3647 3653 4.906479
3047 3351 3.543407
3283 3351 4.779553
691 1334 4.052458
351 2517 0.034039
1438 2232 0.337484
3285 3363 0.246077
2671 2693 1.082059
2167 1490 3.02204
1455 2216 0.840553
1404 3482 3.326135
2354 2737 1.053084
1085 1386 3.712041
2576 2714 3.271946
2526 2238 4.789336
3024 3239 2.090445
3227 3285 4.594535
3532 3946 4.530844
330 346 2.984705
1557 1662 1.03771
3411 3432 3.304146
3354 3423 4.805326
2435 2468 2.275297
1298 1352 3.591312
2347 2656 3.094204
3171 1495 2.937128
2996 3200 4.855631
1139 1352 3.395205
3492 3753 1.28851
1189 1305 3.07633
751 970 3.369061
3801 3954 1.196155
3221 3264 1.220218
617 990 1.039138
2989 3281 4.834659
500 1342 0.592909
351 2429 0.936803
830 1284 4.427361
2417 2785 3.570871
853 1010 4.145692
3273 3293 4.954123
3054 3478 3.877313
691 1349 3.22597
3299 3312 0.185037
3171 1495 2.937128
107 1298 0.622397
2347 2417 4.068292
3054 3423 3.131133
3130 3299 0.459121
3024 3354 0.534977
107 605 0.192484
3753 3946 0.217331
1089 1349 4.021025
1284 1298 2.448945
2944 2167 4.632632
617 990 1.039138
351 2693 3.867841
3054 2167 2.761389
2405 2923 4.548744
2405 2923 4.548744
2936 3171 4.988887
1438 1443 4.026428
3273 3293 4.954123
830 853 0.628601
830 1169 4.727114
3054 3273 0.2508
2944 3054 1.246829
2216 2232 4.595663
3227 3285 4.594535
691 1298 2.377842
853 1334 3.851789
2996 3283 3.771236
3047 3239 1.132827
3273 3293 4.954123
1298 1352 3.591312
1490 3411 2.028922
2989 1490 1.049421
2303 2640 3.935259
330 346 2.984705
3221 2167 2.010667
3200 3264 0.38715
1438 2156 0.385136
751 970 3.369061
3200 3264 0.38715
3239 3354 3.311661
2468 2517 3.721161
500 1342 0.592909
2944 3478 3.347391
3130 3239 2.112703
3273 3312 0.532681
3024 3054 0.351838
107 1139 1.126073
830 1284 4.427361
3054 3312 0.581827
2347 2656 3.094204
3024 3423 1.1331
3047 3423 1.785185
2209 1490 1.084522
3024 3299 1.209375
2209 2232 1.708887
107 1342 4.87672
2989 3024 0.942457
3239 2167 3.470295
2989 3423 2.56545
1189 1305 3.07633
3054 3299 0.494616
2996 3351 1.809362
3054 3478 3.877313
2996 3283 3.771236
3264 3281 1.971077
3054 3283 3.186585
3221 3273 4.239554
3024 3273 4.306099
3273 2167 1.822681
3283 3293 0.378944
3264 3312 3.925251
3239 3411 3.828472
351 2671 4.255824
2944 3130 4.179953
3200 3299 3.304356
830 1284 4.427361
815 1045 1.533064
853 1298 4.71047
351 2238 2.181036
2996 3273 4.279015
3283 3299 2.201525
3264 2167 4.32919
3200 3312 2.23543
351 2405 4.691026
1443 2156 4.719843
351 2576 1.365626
3221 3283 4.497187
1443 1455 2.383026
3047 3293 1.368463
3312 2167 1.727398
3423 3478 0.9521
1438 2209 0.892911
107 605 0.192484
2996 3478 2.261683
3273 3411 0.763179
2944 3239 0.853325
107 751 2.974317
3312 1490 2.372967
1010 1352 1.183006
107 1089 0.276813
2216 2232 4.595663
853 1010 4.145692
1443 1495 3.939701
3281 3351 2.646649
330 346 2.984705
1089 1349 4.021025
3264 3293 3.075378
3264 3293 3.075378
3283 3299 2.201525
3273 3293 4.954123
3283 3354 4.953904
853 1334 3.851789
3200 3281 3.595061
500 1305 2.302471
3264 3299 4.732553
3283 3411 4.603858
815 1089 3.202917
2989 3281 4.834659
3281 3312 0.505925
1010 1352 1.183006
2944 3351 0.506337
351 2640 3.007991
3221 3273 4.239554
2944 3239 0.853325
3492 3532 4.764632
2944 3432 1.275539
3264 1490 0.704667
3312 3478 3.409599
3299 3312 0.185037
3054 3130 0.971115
2989 3281 4.834659
351 2785 4.849904
2167 3478 1.764497
2996 3283 3.771236
3285 3363 0.246077
2989 3264 1.777509
351 2671 4.255824
3647 3753 2.860663
1284 1334 1.272396
2996 3299 4.539062
2989 2167 3.697926
1089 1349 4.021025
351 2429 0.936803
2989 3423 2.56545
3200 3312 2.23543
107 1010 4.978336
1045 1298 0.248501
107 691 2.646069
3200 3283 2.184064
107 751 2.974317
3239 1490 0.250156
2944 2167 4.632632
107 1089 0.276813
1169 1284 3.730679
3281 3411 0.744504
2944 3130 4.179953
3047 3299 4.253667
3264 3293 3.075378
1284 1352 0.166792
2936 1443 1.066198
1443 2232 3.123514
3264 3293 3.075378
2996 3351 1.809362
3299 3351 0.35347
3024 3200 4.611455
3299 3423 0.3943
1010 1352 1.183006
107 1045 4.391315
1284 1352 0.166792
3354 1490 2.652863
3411 3432 3.304146
107 1298 0.622397
751 970 3.369061
351 2303 1.506507
107 1342 4.87672
3312 2167 1.727398
3264 1490 0.704667
3200 3273 4.072902
3653 3946 0.257145
3024 3264 3.767072
853 1010 4.145692
3221 3411 0.725836
3239 3351 0.103725
351 2429 0.936803
2989 3054 1.250366
2989 3273 1.334143
3054 3200 1.923077
3047 3411 3.759019
3312 3354 4.31849
691 1349 3.22597
830 1352 3.996088
751 970 3.369061
1438 2232 0.337484
2347 2656 3.094204
3171 2216 3.992296
3047 3054 2.295481
3273 1490 3.793844
107 617 4.78925
3239 2167 3.470295
3047 3281 2.062221
3753 3946 0.217331
107 990 3.504189
3024 3411 0.355507
107 1334 2.08302
2989 3130 2.837619
330 346 2.984705
3024 3221 1.723892
3200 3299 3.304356
3200 3273 4.072902
2989 3273 1.334143
3293 1490 1.453312
3351 3411 4.588556
3047 3299 4.253667
3264 3351 4.868702
3273 3293 4.954123
3283 1490 4.000162
3047 3200 3.178803
1284 1352 0.166792
815 1169 0.772107
3024 3478 2.239898
3273 3312 0.532681
1443 2156 4.719843
3047 3281 2.062221
3047 3221 1.159921
3200 3411 2.633677
2996 3024 1.524018
2656 2238 4.963933
1438 2156 0.385136
2996 3411 2.236888
2347 2417 4.068292
1438 2232 0.337484
2936 1443 1.066198
1085 1386 3.712041
351 2785 4.849904
107 970 3.807505
3171 1455 4.345411
2209 1455 3.155117
3227 3363 0.966494
351 2656 4.761936
3054 3221 2.852373
2944 3054 1.246829
3273 3283 2.99607
2944 3221 0.36708
3130 3312 0.343974
3423 3478 0.9521
3047 3293 1.368463
3024 1490 1.284426
1284 1298 2.448945
3264 2167 4.32919
107 1089 0.276813
351 2405 4.691026
107 990 3.504189
3047 3299 4.253667
1490 3411 2.028922
1139 1352 3.395205
3221 3283 4.497187
3283 3312 4.911796
3283 3351 4.779553
2167 1490 3.02204
3054 2167 2.761389
3047 3221 1.159921
2996 3264 4.804779
2347 2417 4.068292
853 1352 0.383887
2303 2640 3.935259
1438 2232 0.337484
3273 3423 0.975029
3239 3351 0.103725
2737 2238 3.797637
3024 3293 4.534181
351 2714 2.283241
2944 2989 2.749682
1438 2156 0.385136
3024 3293 4.534181
3351 3411 4.588556
107 970 3.807505
2435 2468 2.275297
107 1334 2.08302
3299 3411 4.480515
3024 3264 3.767072
3492 3753 1.28851
2167 3423 2.60446
2944 3354 4.033036
3801 3954 1.196155
2405 2923 4.548744
107 617 4.78925
3024 3351 1.18384
3227 3363 0.966494
3283 3312 4.911796
3024 3312 2.126233
107 751 2.974317
2167 3423 2.60446
3024 3312 2.126233
3293 2167 3.202026
2989 2167 3.697926
3312 3351 3.265913
107 815 1.593581
2167 3478 1.764497
3299 3354 0.360161
2996 3273 4.279015
2989 3411 2.556784
3171 2216 3.992296
1045 1298 0.248501
2989 1490 1.049421
3221 3351 2.870954
2989 2996 1.929918
107 990 3.504189
3024 3283 2.599242
3293 1490 1.453312
853 1089 2.9693
1284 1334 1.272396
2996 2167 3.656638
1089 1284 2.524976
3801 3954 1.196155
351 2303 1.506507
3221 3264 1.220218
2989 3024 0.942457
2435 2468 2.275297
3264 2167 4.32919
815 1169 0.772107
2216 1495 4.924136
107 751 2.974317
1455 2216 0.840553
351 2737 2.825676
3024 3478 2.239898
351 2354 2.099541
107 1352 4.975511
1418 2156 1.449717
691 1349 3.22597
107 1284 3.886085
1045 1284 2.561356
2656 2238 4.963933
107 1139 1.126073
2996 3299 4.539062
2944 2167 4.632632
2944 3273 1.474066
2526 2737 3.884253
2944 3312 3.526232
3054 3354 4.025914
1404 2232 2.864444
3239 3411 3.828472
2656 2238 4.963933
3054 3293 1.011891
1455 1495 0.257777
3200 3312 2.23543
1443 2232 3.123514
2156 2232 4.932955
2996 3299 4.539062
351 2526 4.877424
3351 1490 0.019857
3047 3299 4.253667
2576 2714 3.271946
351 2417 1.90868
1443 2232 3.123514
3200 3299 3.304356
1169 1334 3.407258
1443 3171 3.152064
853 1284 3.143865
1418 1455 1.649185
3273 3423 0.975029
2996 3411 2.236888
3273 2167 1.822681
3047 3299 4.253667
2347 2785 0.375614
1418 1495 4.101067
2989 2167 3.697926
3293 1490 1.453312
3024 3264 3.767072
107 1089 0.276813
1045 1334 3.44785
3054 3423 3.131133
2996 3273 4.279015
351 2405 4.691026
3293 1490 1.453312
1169 1284 3.730679
3200 2167 4.391038
2156 2232 4.932955
2996 3273 4.279015
3047 3299 4.253667
2517 2693 4.527412
3024 3264 3.767072
3299 3411 4.480515
3221 3264 1.220218
107 691 2.646069
2989 1490 1.049421
107 351 1.555546
3299 3354 0.360161
1284 1298 2.448945
2944 3312 3.526232
3653 3946 0.257145
3227 3363 0.966494
3411 3478 3.594171
3047 3354 4.038967
3171 1455 4.345411
3024 3411 0.355507
3024 1490 1.284426
3024 3351 1.18384
3024 3351 1.18384
1438 2156 0.385136
1455 2156 1.06527
3054 3200 1.923077
3024 2167 2.434776
1418 1495 4.101067
2989 3047 4.287032
1169 1298 2.382299
2989 2167 3.697926
3354 2167 4.386723
1438 2156 0.385136
1139 1169 3.976047
830 1139 4.081287
2989 2996 1.929918
1010 1352 1.183006
3024 3283 2.599242
3354 2167 4.386723
3024 1490 1.284426
107 853 3.353899
3221 3478 4.848598
3299 3312 0.185037
107 830 1.44837
2209 2232 1.708887
3239 2167 3.470295
2576 2714 3.271946
107 1085 1.037329
3312 2167 1.727398
3227 3285 4.594535
815 1349 0.293684
1455 1495 0.257777
3354 3423 4.805326
3283 3423 1.74777
3130 3354 3.881314
3299 1490 2.248015
3130 3221 1.597694
3239 3351 0.103725
1490 1495 3.15209
2989 3299 0.147224
1085 1386 3.712041
3054 3354 4.025914
3753 3946 0.217331
2417 2785 3.570871
3283 3423 1.74777
2944 3354 4.033036
2989 3351 2.535382
1490 3411 2.028922
2944 3283 3.314586
3273 3293 4.954123
3801 3954 1.196155
2936 2216 3.768426
3264 3299 4.732553
2936 2216 3.768426
3354 3411 2.30322
2989 2996 1.929918
107 990 3.504189
1443 2216 1.64825
1089 1349 4.021025
3054 3478 3.877313
3054 3351 0.011247
107 1085 1.037329
3054 3264 0.807869
351 2714 2.283241
3200 3281 3.595061
3647 3753 2.860663
1418 1443 1.174433
2989 3299 0.147224
3054 3312 0.581827
107 500 4.891088
107 605 0.192484
3492 3753 1.28851
2944 3411 4.434511
2996 2167 3.656638
3047 3293 1.368463
107 1089 0.276813
2209 2232 1.708887
2405 2923 4.548744
2989 3293 2.250318
830 1139 4.081287
1169 1352 0.785745
2996 3024 1.524018
1089 1284 2.524976
351 2785 4.849904
2996 3200 4.855631
3312 3432 3.373845
107 853 3.353899
3273 3423 0.975029
351 2429 0.936803
3492 3532 4.764632
3047 3281 2.062221
751 815 2.590574
107 853 3.353899
2989 2167 3.697926
3354 3432 3.790129
3239 3478 1.748591
3281 3351 2.646649
3227 3363 0.966494
3299 2167 1.216294
3054 3351 0.011247
1089 1284 2.524976
1045 1334 3.44785
2417 2785 3.570871
2944 3047 0.587593
815 1298 4.543164
3221 3281 2.373386
2944 3432 1.275539
2996 3411 2.236888
3047 3423 1.785185
3283 3293 0.378944
3354 3423 4.805326
3200 3264 0.38715
2209 1495 2.215043
3423 3478 0.9521
3281 3351 2.646649
3227 3363 0.966494
2944 3354 4.033036
3200 3221 2.472817
3227 3285 4.594535
1284 1298 2.448945
1418 2209 0.399338
2989 3200 2.997593
1418 2232 4.932862
3130 3221 1.597694
107 351 1.555546
1284 1352 0.166792
3281 3411 0.744504
2989 3351 2.535382
2517 2693 4.527412
3354 1490 2.652863
751 970 3.369061
1438 2156 0.385136
830 1352 3.996088
2996 2167 3.656638
3024 3293 4.534181
3273 3293 4.954123
2996 3239 3.083509
2944 3312 3.526232
853 1089 2.9693
107 1386 0.700791
3047 3130 1.742983
3200 3411 2.633677
1284 1298 2.448945
3299 3478 2.135662
3171 2216 3.992296
3239 3312 3.20479
107 1298 0.622397
1089 1284 2.524976
2989 2996 1.929918
2944 3423 1.563657
107 1305 4.925133
