352 3271 3.587213
2962 3457 3.304417
728 1346 1.768755
2083 3983 3.653801
3102 3370 3.819503
3605 3836 1.916856
2284 2443 1.342849
2293 2805 1.516702
2313 2675 0.630587
1002 1096 3.865291
402 917 2.360628
10 142 4.952936
2984 3219 3.686411
1040 1226 0.351411
744 1144 1.844507
3160 2152 3.94801
3159 3197 3.539783
2957 3099 2.661033
407 1330 0.122904
67 136 3.968182
2130 2152 4.247123
2641 2849 3.565541
2001 2024 1.1386
3066 3407 1.653695
446 1098 0.620554
3767 3768 0.951913
519 997 4.025453
1445 1503 0.748052
1550 1562 4.747737
3429 3439 0.414826
1422 1482 0.563036
107 440 4.599405
842 983 2.134937
67 196 3.536942
2624 2684 0.734604
2428 2468 4.403102
433 1246 1.649989
2351 2382 0.842659
1403 1407 2.907811
1294 1383 3.136293
2419 2797 1.875238
2068 2876 0.392098
713 912 3.711224
433 1125 0.940885
352 1458 2.72537
879 1026 1.497902
572 1274 0.709162
2994 3084 0.487839
2984 3461 3.028787
3133 3238 2.992448
2602 2183 2.221794
351 2097 4.264291
351 2836 2.349578
351 2624 1.886628
3159 3238 0.226395
67 142 4.366922
2130 2152 4.247123
352 3084 1.429269
352 3099 3.730178
107 912 2.337337
352 3429 3.018347
433 1096 1.640166
433 917 2.431477
351 2684 1.882054
2994 3084 0.487839
352 1458 2.72537
2351 2641 3.431621
402 1002 3.928204
572 1294 2.22915
2351 2428 1.140322
352 2984 2.689376
1096 1294 3.194043
2351 2684 1.232356
2293 2805 1.516702
67 136 3.968182
2984 3133 0.352007
446 1274 2.861875
107 1144 3.582644
107 713 2.524695
2083 3983 3.653801
402 433 1.50031
2984 3197 2.201896
352 2994 0.26929
728 1346 1.768755
3238 3407 1.890712
3407 3429 4.326305
1445 1482 2.738196
351 2351 0.423481
351 2419 0.582178
352 3461 3.269118
1125 1246 4.548478
1002 1098 3.952972
107 446 2.753349
1040 1346 4.020059
2382 2684 1.588148
352 3407 2.727592
446 1383 3.038436
3066 3084 2.466331
352 1407 2.896029
2351 2641 3.431621
351 2428 2.105726
3370 3457 3.818785
3066 3439 2.430015
3066 3133 0.151088
407 1330 0.122904
3066 3102 4.158157
3370 3457 3.818785
3102 3159 0.888271
440 713 3.379874
136 1403 0.565698
433 1098 1.266766
351 2602 3.144241
2443 2849 3.333231
1040 1098 4.822297
1422 1503 4.34705
3219 3439 1.125972
351 2849 2.036504
1096 1274 1.994054
3238 3461 1.845121
2962 3461 2.329864
1422 1503 4.34705
136 1422 3.175267
1096 1246 3.234082
136 1482 3.101929
351 2876 3.703454
1096 1125 0.424524
1096 1125 0.424524
2130 3271 0.694756
3066 3461 1.56663
2836 2849 4.296791
3133 3429 2.275887
1422 2152 4.469142
3439 3457 4.512009
2984 3133 0.352007
3133 3159 0.292281
3133 3197 0.383617
2994 3133 3.563734
2468 2836 4.899442
879 1026 1.497902
433 1002 4.06156
3767 3768 0.951913
1226 1383 4.703003
352 3238 0.946955
3084 3238 0.438298
352 3197 3.118226
3066 3439 2.430015
2602 2675 3.696238
2984 3461 3.028787
1422 1445 1.418725
2152 1482 3.921373
1096 1294 3.194043
3159 3370 2.527774
107 912 2.337337
352 3271 3.587213
402 1002 3.928204
107 917 2.138437
3084 3439 2.619341
3219 3429 1.342094
352 3219 4.10678
2293 2675 0.707483
2428 2641 4.010426
3370 3439 3.388016
107 879 3.302473
446 1294 0.079959
107 1346 0.308069
3066 3102 4.158157
3066 3219 3.334456
107 983 4.089961
3066 3238 3.74098
433 1246 1.649989
2130 1445 0.194964
1098 1125 4.305759
2351 2641 3.431621
433 572 0.667575
3407 3439 3.024199
1040 1096 1.766813
352 1482 1.612581
2684 2849 1.064264
107 407 1.916021
2130 1482 0.336362
67 136 3.968182
352 2957 4.040411
2468 2836 4.899442
352 1407 2.896029
107 983 4.089961
3066 3439 2.430015
402 1002 3.928204
572 1002 1.275117
3066 3407 1.653695
2994 3370 3.859584
107 983 4.089961
2994 3084 0.487839
3133 3159 0.292281
1458 1503 3.611874
136 352 3.790248
107 1274 2.697756
352 2152 1.126216
1002 1274 2.293696
3407 3461 0.883553
1096 1098 4.303571
351 2641 0.296419
1002 1098 3.952972
1422 1482 0.563036
2984 3133 0.352007
107 997 0.286056
1226 1294 2.311278
917 1383 1.586829
3084 3407 2.321064
2994 3159 4.053888
1026 1330 3.011223
107 1274 2.697756
351 2419 0.582178
1226 1383 4.703003
433 1125 0.940885
917 1002 0.683471
3133 3461 4.996551
3084 3457 3.191815
351 2684 1.882054
107 1144 3.582644
3133 3197 0.383617
351 2351 0.423481
2984 3219 3.686411
3407 3461 0.883553
351 2836 2.349578
1482 1503 2.565047
1002 1098 3.952972
728 1040 4.590633
2962 3102 4.349941
2962 3238 4.008399
351 2836 2.349578
2994 3084 0.487839
2284 2428 1.529737
107 519 3.868654
107 1383 0.172402
407 1125 4.370944
402 1002 3.928204
3084 3238 0.438298
107 402 1.751639
2293 2602 2.024391
1002 1226 1.962346
2994 3159 4.053888
3066 3370 3.521704
3159 3407 4.678647
351 2876 3.703454
351 2443 4.821952
2293 2797 1.704756
3197 3370 2.634164
2994 3159 4.053888
3084 3197 1.210707
433 1125 0.940885
402 1346 0.028964
2351 2428 1.140322
1040 1098 4.822297
1098 1226 0.682029
402 1346 0.028964
446 1098 0.620554
3066 3457 2.969689
67 142 4.366922
3066 3159 3.222338
2962 3066 4.871353
2962 2984 0.576858
402 917 2.360628
2130 1458 4.138998
713 912 3.711224
1096 1294 3.194043
407 917 4.378138
2428 2468 4.403102
3159 3461 1.163291
3066 3457 2.969689
3133 3370 3.734013
1098 1226 0.682029
107 446 2.753349
3197 3429 2.032527
351 2805 2.798246
1422 1482 0.563036
2428 2468 4.403102
3084 3219 0.402943
3429 3461 4.796156
3159 3461 1.163291
433 1246 1.649989
352 2984 2.689376
2984 3066 1.613658
1445 1482 2.738196
2994 3133 3.563734
136 1445 4.100931
2130 1445 0.194964
2284 2428 1.529737
842 983 2.134937
107 519 3.868654
917 1274 1.577302
107 1040 1.135235
1026 1330 3.011223
107 1226 2.417759
3219 3461 4.917307
3160 2152 3.94801
10 67 0.699408
352 1482 1.612581
2984 3066 1.613658
3159 3370 2.527774
3133 3370 3.734013
107 1125 3.463367
2962 3429 4.691883
572 917 0.693842
2984 3238 1.049868
3133 3219 2.209047
107 1274 2.697756
402 1346 0.028964
2284 2428 1.529737
2984 3429 4.062505
572 1274 0.709162
2351 2684 1.232356
2962 3439 2.455031
917 1294 0.331955
3133 3197 0.383617
107 572 1.426993
2962 3133 2.344368
440 713 3.379874
351 2876 3.703454
3219 3439 1.125972
3084 3159 1.496136
1026 1330 3.011223
402 433 1.50031
1226 1383 4.703003
2130 1422 0.391256
402 917 2.360628
107 1040 1.135235
351 2068 2.633267
352 2130 2.721106
728 1346 1.768755
446 1098 0.620554
744 1144 1.844507
2152 1482 3.921373
1445 2152 3.77729
107 744 1.367955
572 1383 4.134445
2351 2836 1.404212
433 1330 4.012613
3084 3102 4.333121
407 1002 1.742729
2602 2797 0.416744
2083 3983 3.653801
3066 3102 4.158157
107 1040 1.135235
1026 1040 4.631814
2351 2684 1.232356
2351 2849 0.595139
107 1125 3.463367
3066 3197 4.153519
433 1002 4.06156
351 2351 0.423481
1098 1226 0.682029
433 917 2.431477
136 1503 0.050219
351 2183 0.074961
407 1330 0.122904
983 1246 0.364675
2641 2849 3.565541
1002 1096 3.865291
3102 3133 4.886795
1098 1274 2.77587
352 2130 2.721106
1098 1246 1.926142
3238 3407 1.890712
1403 1407 2.907811
3238 3439 4.387747
3429 3457 2.198774
407 1040 0.450485
351 2428 2.105726
107 1330 4.317395
3102 3370 3.819503
407 917 4.378138
351 2284 4.646962
402 572 0.342311
440 713 3.379874
917 1098 1.919885
3197 3461 0.449983
1040 1330 4.263977
2313 2675 0.630587
2419 2797 1.875238
1002 1246 3.389937
3407 3461 0.883553
352 2152 1.126216
3219 3429 1.342094
136 1503 0.050219
1422 1445 1.418725
446 1383 3.038436
351 2068 2.633267
3133 3429 2.275887
351 2684 1.882054
3084 3159 1.496136
2293 2805 1.516702
2962 3219 4.383477
352 3271 3.587213
351 2675 0.220256
2994 3439 3.898728
2293 2675 0.707483
2419 2797 1.875238
572 1274 0.709162
2962 3457 3.304417
1002 1274 2.293696
67 136 3.968182
67 196 3.536942
107 1294 4.714747
3407 3461 0.883553
107 1274 2.697756
351 2068 2.633267
3066 3102 4.158157
2994 3084 0.487839
2419 2797 1.875238
352 3271 3.587213
1445 1482 2.738196
67 196 3.536942
352 3099 3.730178
2984 3407 0.798612
402 917 2.360628
2984 3461 3.028787
446 917 4.550111
3159 3219 2.1244
352 3066 0.500825
107 842 2.715655
67 136 3.968182
3238 3457 0.685241
136 1503 0.050219
3066 3197 4.153519
2284 2443 1.342849
3407 3429 4.326305
1098 1125 4.305759
352 3084 1.429269
1002 1226 1.962346
352 3219 4.10678
3159 3457 3.639922
107 1144 3.582644
446 1294 0.079959
351 2351 0.423481
351 2284 4.646962
3102 3370 3.819503
917 1274 1.577302
136 352 3.790248
107 917 2.138437
433 1096 1.640166
351 2382 2.17597
1274 1346 2.722392
3197 3439 4.903529
2984 3159 2.720358
2994 3133 3.563734
2994 3370 3.859584
1458 1482 1.012409
1458 3407 3.706913
351 2068 2.633267
3102 3457 2.240426
352 3407 2.727592
2836 2849 4.296791
3407 3429 4.326305
352 3370 0.732409
3084 3102 4.333121
352 3133 0.245658
2994 3370 3.859584
3084 3238 0.438298
3238 3407 1.890712
407 1040 0.450485
433 917 2.431477
1098 1274 2.77587
351 2805 2.798246
2083 3983 3.653801
2443 2849 3.333231
407 917 4.378138
433 1096 1.640166
1445 1503 0.748052
842 983 2.134937
1096 1125 0.424524
107 407 1.916021
728 1274 3.508947
728 1002 4.674184
2284 2836 2.900256
1458 3407 3.706913
407 1246 0.449302
3159 3439 2.478817
2001 2024 1.1386
351 2797 2.515819
3084 3197 1.210707
2624 2641 2.345234
446 917 4.550111
1040 1330 4.263977
2962 3407 4.019462
2130 1482 0.336362
2962 2984 0.576858
351 2684 1.882054
351 2284 4.646962
136 1422 3.175267
107 351 1.555546
1125 1246 4.548478
1098 1246 1.926142
2957 3099 2.661033
3066 3439 2.430015
433 1246 1.649989
1098 1274 2.77587
407 1002 1.742729
2293 2805 1.516702
1096 1274 1.994054
572 1274 0.709162
2962 3084 0.543034
1422 1458 4.806194
2641 2849 3.565541
352 3084 1.429269
1026 1330 3.011223
2130 2152 4.247123
3370 3429 4.330604
2962 3461 2.329864
402 917 2.360628
352 3084 1.429269
10 142 4.952936
1002 1246 3.389937
402 1346 0.028964
728 1002 4.674184
407 1330 0.122904
2351 2684 1.232356
2984 3429 4.062505
1445 3271 2.865051
3133 3219 2.209047
3066 3461 1.56663
2428 2836 4.829055
352 2152 1.126216
2797 2805 3.513246
1422 2152 4.469142
352 1403 0.340314
2284 2428 1.529737
3084 3102 4.333121
3102 3457 2.240426
352 3133 0.245658
351 2797 2.515819
2284 2351 1.31036
3370 3457 3.818785
2468 2641 1.680199
107 842 2.715655
2994 3407 0.426009
136 1403 0.565698
352 3133 0.245658
917 1040 0.661943
3084 3133 4.571498
917 1274 1.577302
107 728 1.667184
1445 1503 0.748052
351 2183 0.074961
2083 3983 3.653801
351 2805 2.798246
136 1482 3.101929
351 2836 2.349578
352 3219 4.10678
433 1246 1.649989
2962 2984 0.576858
352 1445 3.096
136 1407 2.4643
3084 3133 4.571498
3219 3461 4.917307
3407 3461 0.883553
107 879 3.302473
3133 3439 0.855192
3084 3457 3.191815
352 1422 3.778125
3084 3238 0.438298
728 1274 3.508947
3439 3461 3.343343
3066 3407 1.653695
2428 2443 3.048954
1096 1125 0.424524
352 3159 1.11089
1096 1294 3.194043
2962 3439 2.455031
3370 3429 4.330604
2994 3429 2.136589
3066 3429 2.514725
1274 1346 2.722392
107 407 1.916021
107 402 1.751639
3197 3457 2.991637
1002 1098 3.952972
1445 3271 2.865051
3197 3370 2.634164
2293 2602 2.024391
3407 3461 0.883553
728 1346 1.768755
3605 3836 1.916856
917 1226 4.94301
67 136 3.968182
1125 1246 4.548478
1096 1246 3.234082
2962 3084 0.543034
3439 3457 4.512009
2994 3084 0.487839
2284 2351 1.31036
728 917 4.081444
3160 2152 3.94801
2351 2468 1.353351
446 1274 2.861875
1096 1246 3.234082
433 728 2.592502
1096 1383 2.867929
2684 2849 1.064264
2468 2836 4.899442
3066 3084 2.466331
351 2382 2.17597
352 3370 0.732409
352 3099 3.730178
2130 1482 0.336362
2624 2684 0.734604
917 1246 1.630825
107 519 3.868654
2994 3238 3.75989
2351 2849 0.595139
402 917 2.360628
3429 3461 4.796156
351 2293 3.976034
107 842 2.715655
433 1096 1.640166
3197 3238 0.775284
3197 3461 0.449983
407 1098 3.490142
402 1294 2.956552
1098 1125 4.305759
2984 3133 0.352007
2984 3066 1.613658
2351 2641 3.431621
917 1226 4.94301
2443 2468 3.311421
433 1246 1.649989
351 2797 2.515819
2641 2849 3.565541
3066 3461 1.56663
1040 1346 4.020059
107 402 1.751639
352 1482 1.612581
2351 2684 1.232356
1040 1096 1.766813
1422 2152 4.469142
917 1226 4.94301
1040 1226 0.351411
2994 3066 2.287949
1422 1503 4.34705
3133 3219 2.209047
3439 3461 3.343343
572 1274 0.709162
1002 1040 0.533066
917 1040 0.661943
107 572 1.426993
2962 3219 4.383477
10 142 4.952936
2962 3133 2.344368
2994 3439 3.898728
2797 2805 3.513246
433 1096 1.640166
2994 3084 0.487839
107 1125 3.463367
1226 1346 0.759807
2984 3429 4.062505
728 1002 4.674184
352 3238 0.946955
107 713 2.524695
3767 3768 0.951913
107 440 4.599405
1026 1330 3.011223
2962 2984 0.576858
402 1294 2.956552
351 2805 2.798246
433 1098 1.266766
2293 2675 0.707483
3370 3407 2.030646
402 917 2.360628
3084 3429 1.945183
446 1274 2.861875
2083 3983 3.653801
1096 1246 3.234082
3219 3429 1.342094
352 3102 3.952191
917 1040 0.661943
2962 2994 3.909149
3605 3836 1.916856
3407 3429 4.326305
351 2624 1.886628
2130 1458 4.138998
2957 3099 2.661033
2351 2641 3.431621
3133 3370 3.734013
2351 2428 1.140322
3102 3370 3.819503
2602 2675 3.696238
351 2313 4.756603
917 1098 1.919885
1445 3271 2.865051
107 1383 0.172402
2313 2675 0.630587
1002 1246 3.389937
2984 3238 1.049868
136 1422 3.175267
3066 3407 1.653695
3133 3159 0.292281
2130 1482 0.336362
402 1002 3.928204
352 3066 0.500825
446 1098 0.620554
3084 3102 4.333121
3133 3370 3.734013
2994 3133 3.563734
2994 3407 0.426009
2130 1422 0.391256
3238 3439 4.387747
2994 3439 3.898728
107 1040 1.135235
2984 3429 4.062505
107 1125 3.463367
1125 1246 4.548478
407 1002 1.742729
407 1330 0.122904
351 2428 2.105726
3159 3219 2.1244
3084 3159 1.496136
107 1040 1.135235
352 3457 2.673676
3066 3429 2.514725
352 3099 3.730178
3197 3439 4.903529
728 1002 4.674184
351 2068 2.633267
728 1098 0.63668
3084 3429 1.945183
3133 3370 3.734013
3407 3429 4.326305
2284 2351 1.31036
2962 2994 3.909149
107 1226 2.417759
2994 3197 1.069559
3429 3461 4.796156
3084 3133 4.571498
2443 2849 3.333231
2001 2024 1.1386
1274 1346 2.722392
107 440 4.599405
1458 3407 3.706913
107 1098 1.507807
2624 2641 2.345234
2994 3238 3.75989
1403 1407 2.907811
352 1407 2.896029
107 446 2.753349
2130 3271 0.694756
2994 3066 2.287949
407 917 4.378138
3439 3457 4.512009
2428 2468 4.403102
2351 2684 1.232356
407 1246 0.449302
67 196 3.536942
107 1383 0.172402
136 1503 0.050219
2962 3084 0.543034
917 1040 0.661943
10 67 0.699408
3133 3429 2.275887
446 1096 2.36423
351 2624 1.886628
2602 2797 0.416744
107 1346 0.308069
1040 1098 4.822297
917 1226 4.94301
107 1002 2.565179
351 2313 4.756603
1403 1407 2.907811
3238 3407 1.890712
3066 3238 3.74098
3102 3370 3.819503
3133 3159 0.292281
1096 1383 2.867929
3066 3102 4.158157
2994 3439 3.898728
446 1383 3.038436
1274 1346 2.722392
351 2183 0.074961
1098 1125 4.305759
107 1294 4.714747
351 2876 3.703454
3159 3457 3.639922
1458 2152 3.381956
2624 2849 2.684349
572 1002 1.275117
3197 3238 0.775284
1098 1274 2.77587
107 1144 3.582644
3084 3133 4.571498
2962 2984 0.576858
351 2097 4.264291
3197 3429 2.032527
3102 3457 2.240426
107 1002 2.565179
352 2957 4.040411
3197 3461 0.449983
3084 3461 4.833126
3370 3439 3.388016
3429 3461 4.796156
2994 3439 3.898728
2293 2675 0.707483
446 1383 3.038436
351 2382 2.17597
3102 3370 3.819503
351 2836 2.349578
1096 1274 1.994054
107 1274 2.697756
2962 3370 3.276818
136 1482 3.101929
3133 3429 2.275887
3197 3457 2.991637
351 2293 3.976034
352 3370 0.732409
402 1098 1.693929
446 1098 0.620554
2994 3238 3.75989
3407 3429 4.326305
3066 3370 3.521704
351 2849 2.036504
352 3238 0.946955
572 1096 3.10599
1002 1098 3.952972
2994 3370 3.859584
3197 3407 4.307368
1458 1503 3.611874
2984 3197 2.201896
107 1246 3.122529
572 1383 4.134445
352 1445 3.096
351 2849 2.036504
2984 3370 0.29965
3407 3457 4.564817
3197 3429 2.032527
728 917 4.081444
352 3102 3.952191
3370 3429 4.330604
2351 2468 1.353351
107 351 1.555546
2962 2994 3.909149
352 1458 2.72537
3238 3461 1.845121
351 2675 0.220256
3084 3429 1.945183
352 2962 2.207894
351 2684 1.882054
728 1040 4.590633
136 1445 4.100931
917 1002 0.683471
3219 3429 1.342094
2962 2984 0.576858
1458 2152 3.381956
433 1096 1.640166
3238 3461 1.845121
402 1002 3.928204
402 1294 2.956552
107 912 2.337337
3197 3439 4.903529
2130 2152 4.247123
2284 2836 2.900256
107 1026 1.992751
572 1346 4.865079
1096 1383 2.867929
3066 3407 1.653695
3407 3461 0.883553
1482 1503 2.565047
2994 3133 3.563734
351 2836 2.349578
1002 1096 3.865291
3066 3439 2.430015
3066 3461 1.56663
3197 3439 4.903529
402 1294 2.956552
352 3084 1.429269
2351 2641 3.431621
3133 3219 2.209047
107 1330 4.317395
3066 3219 3.334456
351 2068 2.633267
1096 1274 1.994054
351 2443 4.821952
440 713 3.379874
352 2152 1.126216
402 572 0.342311
2994 3439 3.898728
917 1226 4.94301
1098 1246 1.926142
446 917 4.550111
3066 3084 2.466331
728 1098 0.63668
1040 1098 4.822297
3159 3429 4.371376
2957 3099 2.661033
2284 2836 2.900256
2994 3133 3.563734
3066 3429 2.514725
107 1026 1.992751
3066 3197 4.153519
3439 3461 3.343343
407 1026 3.061488
3102 3370 3.819503
1422 2152 4.469142
2602 2797 0.416744
2351 2641 3.431621
917 1096 1.94484
2443 2468 3.311421
2984 3461 3.028787
352 1445 3.096
352 3102 3.952191
3084 3461 4.833126
2962 3461 2.329864
2624 2836 4.323953
879 1026 1.497902
2152 1482 3.921373
402 1294 2.956552
2443 2849 3.333231
1422 1458 4.806194
3159 3219 2.1244
2994 3197 1.069559
3370 3407 2.030646
3370 3439 3.388016
407 1002 1.742729
3084 3159 1.496136
2130 1445 0.194964
1002 1274 2.293696
2962 3439 2.455031
1026 1330 3.011223
1098 1274 2.77587
2641 2836 3.647799
2641 2849 3.565541
2284 2428 1.529737
107 728 1.667184
351 2675 0.220256
351 2183 0.074961
1422 1458 4.806194
3159 3370 2.527774
433 1330 4.012613
1445 1503 0.748052
107 407 1.916021
446 1294 0.079959
3084 3238 0.438298
1096 1383 2.867929
402 1294 2.956552
3197 3407 4.307368
2293 2602 2.024391
2351 2684 1.232356
2962 3461 2.329864
2293 2602 2.024391
3219 3370 3.255193
107 407 1.916021
107 1040 1.135235
351 2641 0.296419
3084 3219 0.402943
446 1274 2.861875
352 3133 0.245658
107 1274 2.697756
107 713 2.524695
352 3461 3.269118
351 2797 2.515819
2962 3084 0.543034
2994 3066 2.287949
3238 3439 4.387747
879 1330 3.850587
352 1403 0.340314
107 1098 1.507807
3066 3461 1.56663
3159 3429 4.371376
1096 1294 3.194043
2684 2849 1.064264
3066 3084 2.466331
2962 3102 4.349941
446 1098 0.620554
3197 3238 0.775284
744 1144 1.844507
3084 3370 0.354234
352 2957 4.040411
1403 1407 2.907811
1458 1503 3.611874
572 1294 2.22915
107 402 1.751639
352 3084 1.429269
879 1330 3.850587
351 2419 0.582178
352 1482 1.612581
572 1383 4.134445
2994 3238 3.75989
3159 3238 0.226395
2641 2849 3.565541
1445 3271 2.865051
351 2419 0.582178
2641 2849 3.565541
3407 3457 4.564817
3084 3159 1.496136
2351 2382 0.842659
572 1294 2.22915
136 1458 1.280673
351 2428 2.105726
572 1346 4.865079
3066 3197 4.153519
917 1246 1.630825
352 2152 1.126216
107 1330 4.317395
3457 3461 0.280212
