3101 3294 2.375964
3343 3413 1.35596
3390 3476 4.829825
2625 2801 0.379478
3370 3441 2.388584
1488 2168 2.486854
3241 3461 1.596301
3378 2169 0.803623
2362 2832 4.192493
759 1305 0.57732
569 685 1.33862
830 1352 3.996088
2508 2627 3.932198
2403 2606 2.457208
674 714 1.759402
1109 1318 1.309414
724 1231 4.557355
3119 3165 3.328566
876 1308 2.559472
1076 1250 0.27624
906 1364 3.765532
1445 2230 1.705236
827 1107 1.536117
2018 2020 2.454063
1441 1504 0.840755
1821 3675 3.510445
3835 3954 0.182474
1433 1468 4.2981
3234 3242 0.554465
2032 2035 3.257119
2211 2152 4.814005
2571 2838 0.97395
2981 1465 0.057635
3008 3480 0.40469
428 937 1.623775
851 906 1.314091
136 1492 1.21974
1411 1460 1.607873
587 1237 1.46346
1343 1396 2.445887
596 1382 1.062066
3295 3407 3.637804
1069 1297 4.674056
2668 2902 1.586757
3593 3609 0.607893
1832 1942 0.546652
0 108 3.240932
995 1045 3.213904
352 2999 3.127711
0 111 3.36083
2937 2939 2.229325
906 1364 3.765532
587 1045 3.390764
0 136 2.692087
937 1305 3.406399
724 1364 3.086846
3101 3295 2.83105
724 906 2.648116
1460 2152 3.887767
3242 3295 1.762676
3119 3407 0.916823
1107 1318 3.64997
3101 3461 1.167159
1465 1468 2.439842
3241 3407 2.082624
1433 2211 4.879855
1441 1504 0.840755
1231 1318 2.605707
851 1237 1.426721
3165 3234 0.837098
3242 3461 0.242334
1411 1433 1.27358
1045 1364 2.616938
685 1352 4.902766
2211 2152 4.814005
136 1468 3.658491
1445 1460 2.734285
569 1318 2.386503
3295 3461 1.164206
1411 3441 4.778782
2403 2625 3.944947
3165 3461 2.713817
827 1364 4.610349
352 3343 1.340254
685 724 1.455876
1045 1231 3.711128
685 851 3.00171
1318 1364 2.305402
2362 2902 1.046006
906 1364 3.765532
851 1109 4.254778
851 1308 3.065797
136 1433 2.467952
827 1231 4.347343
724 1231 4.557355
906 995 0.828254
3101 3441 2.992836
352 3390 3.97046
1445 2230 1.705236
3378 2169 0.803623
1107 1237 1.303956
1411 1445 3.589935
352 3101 4.8583
1045 1107 1.030577
1045 1107 1.030577
759 1305 0.57732
3119 3370 0.589056
830 1352 3.996088
352 1441 1.860994
1237 1352 2.218476
906 1352 4.000938
352 2981 0.817098
2152 3476 0.857918
136 1504 4.031114
2937 1433 3.475898
1821 3954 3.219945
3378 2169 0.803623
2981 3480 1.502195
685 827 0.190809
136 1492 1.21974
3343 3413 1.35596
3234 3441 3.297239
1076 1364 0.201564
136 1441 2.827393
136 1433 2.467952
1237 1352 2.218476
876 1109 2.745152
3234 3242 0.554465
3407 2169 3.219224
1231 1308 2.787979
1109 1364 1.710755
1445 1504 2.506895
2152 1488 0.57133
1045 1318 1.664093
1468 1492 3.148782
830 1237 1.334896
906 1231 2.823122
569 1045 1.970692
3390 3476 4.829825
1445 2152 3.77729
724 1231 4.557355
995 1107 0.549583
596 830 4.996438
2403 2606 2.457208
3234 3295 3.632339
685 1308 0.788203
1433 2169 4.818847
3407 2169 3.219224
3242 3407 2.276077
3234 3370 1.023133
1411 3295 4.157927
3234 3407 2.679649
3119 3407 0.916823
1433 1445 0.187918
1411 1441 2.338981
685 1352 4.902766
2152 1504 4.026374
1411 3441 4.778782
2152 2169 0.282368
1445 2230 1.705236
3101 3407 2.738492
3407 3461 0.883553
352 2937 4.675745
685 1109 0.354063
1231 1318 2.605707
1460 1488 4.612895
2362 2832 4.192493
1411 1445 3.589935
3165 3241 2.87362
428 1305 0.404118
569 876 4.306596
876 995 1.13777
1433 1468 4.2981
352 2152 1.126216
1069 1297 4.674056
428 937 1.623775
3234 3407 2.679649
830 1352 3.996088
1109 1352 2.003434
2403 2801 4.262534
3370 3441 2.388584
1107 1352 0.187398
3295 3370 2.400516
3101 3165 2.537408
3295 3461 1.164206
2362 2902 1.046006
1488 2168 2.486854
830 1109 4.475748
3241 3407 2.082624
352 2152 1.126216
1231 1352 4.113475
1445 2230 1.705236
1237 1318 3.133453
724 1352 1.961729
352 2937 4.675745
1045 1364 2.616938
1460 1488 4.612895
3234 3294 3.289917
569 1045 1.970692
1433 2152 3.23074
352 2981 0.817098
3101 3407 2.738492
1045 1364 2.616938
428 1305 0.404118
1488 2169 1.553359
1411 1460 1.607873
3242 3295 1.762676
1460 2152 3.887767
1465 1468 2.439842
2937 1433 3.475898
3295 3441 0.01742
569 1045 1.970692
1411 3343 0.880651
2168 1504 4.283661
2832 2902 1.958059
587 876 4.513335
995 1250 4.232523
3101 3234 0.360132
1411 1433 1.27358
685 1308 0.788203
876 1107 1.637784
2362 2571 3.966406
685 827 0.190809
3241 3370 2.189207
2403 2625 3.944947
1076 1107 4.66808
2032 2035 3.257119
995 1308 0.851123
1411 3441 4.778782
3242 3294 0.878905
685 1109 0.354063
724 1352 1.961729
2999 3165 0.76324
1411 1460 1.607873
2668 2832 0.945902
995 1250 4.232523
352 3234 1.603401
2211 2152 4.814005
876 1364 2.692758
1411 1441 2.338981
352 3008 3.033575
352 2937 4.675745
1109 1318 1.309414
3343 3413 1.35596
851 906 1.314091
569 1107 2.72463
3234 3461 4.016783
1109 1237 0.627679
1433 1441 0.398809
1468 1492 3.148782
2152 2169 0.282368
906 1318 4.667842
596 1396 0.141055
136 1411 1.263706
851 906 1.314091
1433 2169 4.818847
3101 3295 2.83105
2981 3480 1.502195
3835 3954 0.182474
759 1305 0.57732
906 1237 2.871957
2403 2606 2.457208
3101 3370 4.849482
906 1352 4.000938
1411 1441 2.338981
136 1492 1.21974
1107 1352 0.187398
1411 3295 4.157927
995 1076 4.178829
2018 2020 2.454063
2168 1504 4.283661
352 3008 3.033575
1441 1468 3.305476
352 2937 4.675745
1433 1460 3.024355
