936 2065 3.710363
2649 2884 1.953649
2236 2785 2.925907
3386 3457 0.665579
670 1151 1.295577
3680 3966 2.802175
1424 1476 4.76971
590 1121 3.512426
2326 2451 4.676202
722 1120 1.54663
537 958 3.979398
3726 3915 2.16545
3367 3370 3.302994
1581 1749 0.86254
3397 3403 0.155874
3299 2224 4.060814
3755 3800 1.819946
3152 3445 4.898579
1400 1486 1.143061
935 957 4.961074
2129 1490 4.950808
2962 3101 1.366356
779 821 1.076116
2995 3048 0.692298
534 1056 4.473909
691 1199 0.679141
2385 2503 1.443534
1039 1253 1.652819
607 1022 1.507364
827 856 1.913464
855 891 1.969246
2126 3310 1.9643
777 1084 1.303447
313 314 4.528149
1466 3385 3.492312
1420 2142 0.287781
3006 3038 3.875392
1563 1707 4.152983
3101 3187 2.340344
1561 370 2.464456
1422 1442 0.91785
2936 2202 0.723469
512 791 4.801655
3175 2154 4.666805
3032 3097 0.147961
3028 3194 0.177186
595 993 1.975781
3233 3413 4.920031
2149 2223 2.667998
3276 3420 2.348253
3310 3386 4.146846
50 314 4.933919
2995 3445 1.117685
1466 1486 1.681019
2142 2149 0.744261
3032 3445 1.199537
670 1084 1.96189
3445 3457 0.596919
3187 3370 3.46215
3367 3445 3.841867
1442 1490 0.728309
1424 1442 3.803631
670 1151 1.295577
2126 3457 3.445096
2962 3276 1.460175
2126 2149 4.264057
3403 3457 3.539716
1563 1707 4.152983
3187 3420 0.342251
2126 1490 0.492631
3101 3420 1.147493
1424 2223 4.510015
1490 3445 3.586791
935 957 4.961074
3048 3187 2.414755
2995 3048 0.692298
670 1199 1.660049
1466 1490 4.485902
534 936 3.235615
2995 1490 4.56382
2962 3152 3.866346
607 958 4.479138
1466 3385 3.492312
3032 3310 2.567599
1400 2149 4.711984
779 1253 1.663886
313 314 4.528149
3445 3457 0.596919
856 935 1.481141
827 1084 1.81925
670 821 3.412547
3299 3370 4.273754
3101 3367 4.182614
1424 2223 4.510015
1084 1199 1.743497
777 1199 3.132141
1561 370 2.464456
3101 3187 2.340344
2995 3032 0.437067
2995 3175 2.98604
3680 3966 2.802175
3048 3386 2.93459
1400 1422 0.635891
2962 3370 3.276818
2154 1486 0.122382
827 935 1.903927
827 856 1.913464
1466 3385 3.492312
3152 3457 1.267073
2126 2129 2.074035
2149 1466 4.513932
3276 3367 0.338848
3276 3420 2.348253
2126 2149 4.264057
2202 1466 2.648784
3299 3457 1.429906
2995 2154 4.384824
512 791 4.801655
3386 3457 0.665579
3048 3310 1.369485
2962 3097 4.392299
2224 1486 3.61121
691 1199 0.679141
3403 3445 4.403903
534 791 4.795231
1420 1442 2.975809
2962 3152 3.866346
3726 3915 2.16545
1420 1486 3.700665
2154 3310 4.081577
607 1022 1.507364
2126 3048 4.701373
3175 2154 4.666805
1490 3445 3.586791
3276 3367 0.338848
3276 3403 3.84091
3680 3966 2.802175
855 891 1.969246
3276 3370 0.017093
3101 2224 2.045812
2962 1490 3.123181
3175 3397 2.567379
1420 1490 0.673117
3097 1490 3.567062
3367 3420 2.200292
3187 3310 4.814537
3310 3420 3.38118
3299 1490 2.248015
2962 3101 1.366356
936 2065 3.710363
3276 3299 3.800213
3310 3457 2.586303
2129 1420 3.995322
3175 3370 0.60828
2149 2154 1.959806
2126 2129 2.074035
779 791 3.408463
1466 3385 3.492312
2224 3370 3.510807
3006 3038 3.875392
3233 3413 4.920031
1581 1707 3.878566
670 1151 1.295577
3101 3187 2.340344
3101 2154 1.494265
670 821 3.412547
2126 3370 0.066809
3397 3403 0.155874
3101 3457 0.958599
3152 2224 2.202111
1056 1084 4.062391
3310 3397 2.830015
2129 1422 3.808461
2224 3370 3.510807
821 1084 0.413369
1400 2154 2.575312
512 855 2.228313
3101 3420 1.147493
2995 3445 1.117685
1422 2154 3.973299
1400 1486 1.143061
2154 1476 0.50056
3187 3403 2.389968
2154 2224 4.782261
1420 2223 3.191731
2962 3032 1.29537
3032 1490 3.812553
3152 3457 1.267073
2126 2223 0.231739
791 1199 3.250047
2142 2223 1.84016
3403 3420 1.813617
1466 2223 4.89511
2236 2785 2.925907
3299 1490 2.248015
2962 3276 1.460175
2995 3420 3.683656
791 1199 3.250047
1420 2149 4.235904
2995 3403 1.087426
537 1022 3.612613
3175 3397 2.567379
779 791 3.408463
3915 3966 4.985317
3299 3420 4.923865
1400 1466 1.911818
935 1199 1.386389
3276 1490 3.099263
1422 2154 3.973299
856 935 1.481141
791 1056 4.665613
958 993 0.855721
512 1199 2.481627
3097 3175 4.374995
3276 3370 0.017093
3097 3101 2.31754
1490 3445 3.586791
3048 3097 4.654481
595 958 1.194451
2995 1442 2.736592
2995 3370 1.220664
3367 3420 2.200292
2129 1422 3.808461
3276 3299 3.800213
958 1022 1.78935
1420 2223 3.191731
3403 3457 3.539716
534 1039 0.683571
3175 3299 2.415396
3310 1490 0.74435
2649 2785 2.85699
3187 3403 2.389968
670 1151 1.295577
670 1199 1.660049
958 993 0.855721
3097 3299 4.373471
2126 1420 0.219339
1466 2223 4.89511
3048 3101 2.856119
3097 2154 1.13384
1442 2142 3.083073
3101 3403 4.914707
3187 3310 4.814537
2126 2223 0.231739
2995 1490 4.56382
2995 3097 4.394048
2142 2223 1.84016
1422 1476 4.087382
2962 3187 0.406198
722 1022 4.681832
1400 1424 3.342525
957 1253 2.593803
2224 1486 3.61121
3101 3397 1.066796
2995 3048 0.692298
3152 3299 3.389843
3048 3457 2.333755
3101 3420 1.147493
3032 1490 3.812553
3101 3367 4.182614
2224 3445 2.782639
3187 3403 2.389968
2129 2142 1.576108
1056 1253 4.306883
670 1199 1.660049
791 1253 1.853742
3276 3397 3.757749
1442 2142 3.083073
3175 3403 1.84212
2154 3420 2.575218
2995 3367 2.327425
821 827 4.292053
777 1199 3.132141
1400 2129 1.622922
1039 1056 0.37506
2142 1476 2.472591
2962 3386 0.29898
2995 3032 0.437067
1400 1476 0.525414
2126 2149 4.264057
3101 3276 4.283406
1442 3445 1.703953
1424 2142 2.762564
1420 1486 3.700665
777 1253 1.556604
2649 2236 3.769978
1561 370 2.464456
2962 1490 3.123181
2995 1442 2.736592
1466 3385 3.492312
670 827 1.773343
691 1253 2.887127
691 1199 0.679141
1420 1476 2.74964
3101 2154 1.494265
3310 1490 0.74435
2202 1466 2.648784
3397 3403 0.155874
2126 1486 2.929801
2126 2142 0.52455
