3199 3440 0.670808
2322 2523 4.320325
2538 2650 2.241521
856 1353 1.726941
3214 3310 0.039125
3632 3843 2.56293
537 674 4.378834
2347 2726 2.750629
1821 3936 4.216036
2566 2597 3.604417
1422 1477 2.295885
2654 2863 3.413825
1024 1049 2.846551
1644 370 0.912192
2130 3366 3.238134
685 1199 2.415175
611 1294 4.46074
503 1306 3.018063
1743 1809 1.713203
1431 2210 3.178346
2444 2921 0.712328
1421 1490 4.990775
3242 3455 3.029371
935 1371 0.449562
3999 4019 3.575003
2544 2892 1.006354
1425 2168 1.269308
3621 3759 2.267523
3054 3103 4.376952
1281 1298 3.842934
3080 3397 2.526194
2375 2822 1.922663
1154 1231 3.65025
2259 2925 4.311009
2986 3180 1.959145
2531 2788 4.139054
1869 1974 3.677596
1542 1664 4.229471
731 1313 3.618883
514 1285 2.180226
2316 2808 3.952387
1831 1872 3.692864
671 876 2.638727
564 1352 4.508761
3238 3353 2.768591
670 695 1.319348
492 661 2.567941
2210 1457 1.435383
583 1134 1.064128
974 1002 3.358372
3068 3353 0.625909
3068 3310 4.819944
661 671 4.363415
2322 2523 4.320325
685 1371 2.605139
611 1285 3.222771
3353 3397 3.225774
2986 3180 1.959145
1231 1371 1.522222
2523 2597 0.732979
611 670 2.54045
670 1371 1.263583
564 1199 0.854295
3242 3353 0.026391
3068 3238 0.828494
611 671 2.335081
3068 3397 2.924894
1231 1353 0.178044
1431 1477 0.233601
503 856 1.064224
2259 2597 1.883641
2210 2168 2.115
1431 2168 4.73196
3242 3310 0.42522
3310 1490 0.74435
492 1002 1.664248
503 1306 3.018063
564 670 4.185891
1422 1431 2.681635
2566 2892 1.676387
2523 2892 1.25034
2259 2538 2.948224
611 1024 0.415401
1421 2168 4.949372
2347 2444 1.667003
514 1352 1.798239
695 1285 1.895259
685 1352 4.902766
3214 3397 1.512842
2347 2654 1.900285
695 876 1.414104
492 1353 2.245367
3068 3238 0.828494
3068 3238 0.828494
514 564 3.473409
1024 1199 3.861285
503 1371 3.950396
1831 1869 1.526141
2130 2168 0.032839
1154 1199 3.158548
3242 1490 1.626226
1002 1231 1.145859
1049 1298 0.713459
1421 2168 4.949372
3080 3242 4.914097
2986 2130 1.521701
492 1002 1.664248
503 685 2.500198
856 1154 0.281108
974 1154 0.508511
1231 1353 0.178044
670 1154 4.758797
2347 2444 1.667003
856 876 0.580789
3353 3397 3.225774
492 1154 1.89519
492 1306 3.17739
974 1002 3.358372
671 876 2.638727
3238 3242 2.964902
670 1024 1.51067
492 1306 3.17739
503 1154 2.01595
1002 1353 2.638087
611 1371 1.615171
492 1285 0.142058
3068 3214 4.568914
2892 2925 0.233868
492 1199 3.163616
670 685 1.323337
2130 1477 4.880071
3214 3397 1.512842
503 1231 2.977145
3080 3242 4.914097
3238 1490 1.70384
1421 1431 4.280323
1421 2168 4.949372
3353 3397 3.225774
974 1002 3.358372
3080 3353 0.101523
3238 3397 1.1253
503 670 3.132665
492 974 2.884016
611 1154 3.638428
514 1199 1.098826
564 1285 1.299653
935 1353 2.92563
492 1002 1.664248
1457 1477 2.331662
2347 2444 1.667003
1199 1306 2.566165
3353 3397 3.225774
564 974 2.187979
3068 3310 4.819944
685 1352 4.902766
2986 3366 0.838004
935 1371 0.449562
1024 1285 4.920814
876 1199 0.97883
2597 2925 4.702736
2210 1457 1.435383
564 670 4.185891
671 935 4.339572
2130 1422 0.391256
695 1231 4.957097
695 1352 4.538591
935 1371 0.449562
514 1371 2.99684
3068 3455 3.767554
856 1353 1.726941
3242 1490 1.626226
1457 1490 1.789478
670 876 0.357819
1425 2210 3.556133
3999 4019 3.575003
685 1049 0.31586
1298 1353 4.1778
1457 3440 4.468455
2259 2808 0.959841
685 935 4.427096
611 671 2.335081
503 1154 2.01595
671 1231 2.215878
503 1154 2.01595
1421 2168 4.949372
1425 1457 0.652821
3080 3397 2.526194
2808 2925 0.665226
2322 2566 3.720095
1231 1298 1.884998
1422 1457 2.866056
935 974 0.490131
685 1154 0.2795
661 876 0.339087
2597 2925 4.702736
935 1294 2.828988
670 1231 3.880769
3310 1490 0.74435
974 1294 0.192017
671 1353 1.051993
