1821 3591 4.480635
3589 3703 2.321873
2403 2641 4.59743
2488 2502 2.320008
2964 3110 1.143774
2962 3252 1.24205
2487 2536 1.7745
142 323 3.507784
1423 1448 1.04174
1461 1485 1.62159
2475 2605 4.919977
691 1257 3.949951
3035 3178 3.560417
432 609 2.925172
351 2534 0.55284
1434 1490 1.138046
2617 2123 1.399929
1869 1940 3.805178
1454 3245 0.089702
2008 2052 4.30146
3593 3609 0.607893
3051 3270 1.916177
2139 2212 4.661017
2339 2376 4.858575
2278 2824 3.616682
777 974 3.522468
2351 2891 4.82859
1123 1129 4.924603
859 1191 0.843775
1083 1174 3.640578
2393 2543 3.364211
3073 3391 1.305011
1243 2182 3.118973
3564 3581 4.762905
846 896 1.773677
4014 4024 2.950946
2684 2722 3.18928
717 833 3.244895
2346 2414 1.405317
3052 3357 4.611798
503 510 1.57054
107 1310 2.386572
2007 2009 3.379317
2989 3302 4.398797
2330 2820 0.039866
618 1148 1.979489
3027 3262 4.16277
2417 2762 4.495783
1086 1304 3.265469
1289 1353 1.13733
351 2403 4.058807
609 974 0.807314
4014 4024 2.950946
351 2123 0.379887
1821 3581 2.020941
2964 3035 0.688065
859 1191 0.843775
2346 2487 0.289253
1821 3591 4.480635
432 1174 2.062716
1148 1174 1.865386
1257 1353 3.302972
3252 3270 0.704901
2139 1461 0.411845
1423 1485 3.839191
2475 2536 0.113738
4014 4024 2.950946
503 1289 3.69919
2962 2989 0.253215
2393 2123 4.925303
3035 3270 4.059488
2964 3110 1.143774
2617 2123 1.399929
2605 2722 1.956822
503 609 2.086088
2962 3178 4.723135
1086 1289 0.665516
2962 3178 4.723135
2139 1448 2.881724
618 974 2.248684
1423 1454 4.067294
2007 2009 3.379317
1123 1129 4.924603
1821 3609 0.187401
2475 2536 0.113738
2962 3110 2.633297
351 2376 1.22659
107 1191 0.388286
432 1289 4.521902
351 2543 1.724624
1434 2212 1.325821
1243 2182 3.118973
2964 2989 3.236883
1869 1940 3.805178
503 1289 3.69919
896 1310 3.037293
3073 3252 3.766417
1448 1461 2.954673
3110 3178 3.599651
3564 3581 4.762905
2488 2502 2.320008
3270 3391 4.842695
2962 2964 1.784538
2684 2722 3.18928
107 1148 1.112402
2212 1485 4.736412
351 2182 4.258503
2007 2009 3.379317
1461 1490 2.105807
974 1289 1.662711
691 974 4.434495
351 2278 1.892546
2351 2536 1.718368
3035 3252 1.720651
351 2543 1.724624
432 1289 4.521902
1148 1289 0.91124
351 2351 0.423481
107 1083 1.688172
2962 2964 1.784538
896 1310 3.037293
618 1086 0.552412
1454 1461 3.264169
351 2488 3.380221
1148 1257 0.662232
2330 2820 0.039866
1821 3609 0.187401
1454 1490 2.914496
777 1123 3.731587
2403 2502 2.07696
1123 1129 4.924603
2403 2502 2.07696
2417 2543 0.614674
3252 1490 0.319583
107 432 0.29083
107 1289 4.31386
107 1129 4.123625
351 2376 1.22659
142 323 3.507784
1148 1174 1.865386
107 777 0.304281
2964 2989 3.236883
1423 1485 3.839191
107 609 1.604758
1821 3591 4.480635
503 1148 1.361624
503 609 2.086088
2962 3270 0.957038
691 1353 3.885885
2351 2475 2.944613
859 1191 0.843775
2962 1490 3.123181
351 2722 2.027951
2351 2475 2.944613
2351 2605 3.0112
2536 2684 1.852436
107 1148 1.112402
3035 3178 3.560417
2008 1821 2.140216
351 2502 1.452395
3178 3302 4.019657
351 2617 2.671485
2403 2475 1.388663
107 717 3.702294
3035 3110 1.048669
107 1257 0.991547
2123 2182 3.566035
2475 2684 3.048271
1083 1289 4.883983
107 351 1.555546
351 2414 1.51261
107 1148 1.112402
691 1123 1.006823
618 1148 1.979489
107 1148 1.112402
2487 2502 3.578191
107 1353 3.413628
1243 2182 3.118973
3035 3178 3.560417
1423 2212 2.591953
618 1086 0.552412
2007 2009 3.379317
3593 3609 0.607893
896 1310 3.037293
4014 4024 2.950946
777 1289 3.780959
2139 1461 0.411845
2414 2722 3.06593
2989 3035 2.056287
1454 1490 2.914496
503 618 3.423197
974 1148 0.16312
1434 2212 1.325821
2475 2722 1.348807
2393 2617 1.818436
107 833 2.790652
432 1174 2.062716
609 1289 0.502153
1434 1490 1.138046
3110 3252 1.665262
351 2488 3.380221
777 974 3.522468
432 974 0.994291
691 1123 1.006823
2346 2475 0.60652
2403 2487 2.170408
351 2891 3.77709
2989 3391 0.839156
107 351 1.555546
833 859 2.843798
2962 3302 1.264884
618 1353 4.581786
777 1123 3.731587
618 974 2.248684
618 1086 0.552412
107 1174 4.514454
432 609 2.925172
107 859 3.581289
1289 1353 1.13733
351 2534 0.55284
2346 2414 1.405317
1423 1454 4.067294
2605 2722 1.956822
2488 2891 3.692423
2989 3302 4.398797
2351 2684 1.232356
351 2824 4.850617
3581 3593 4.885871
2403 2536 2.316123
2989 3110 4.534258
2962 3073 2.670639
351 2536 1.97315
351 2543 1.724624
107 1289 4.31386
2605 2722 1.956822
2417 2543 0.614674
351 2502 1.452395
2351 2403 0.057832
107 859 3.581289
1083 1129 0.660216
3051 3178 3.304756
1174 1304 2.149875
2962 2989 0.253215
503 1083 0.341798
3110 3302 1.890853
107 1257 0.991547
107 1086 4.384245
846 896 1.773677
618 1083 4.984405
503 1289 3.69919
618 1086 0.552412
432 609 2.925172
618 974 2.248684
503 1083 0.341798
351 2346 1.302758
4014 4024 2.950946
846 896 1.773677
432 510 3.805877
107 974 3.378922
2964 3110 1.143774
691 1353 3.885885
3245 1485 1.050868
974 1174 1.545576
609 618 1.347265
1174 1304 2.149875
503 510 1.57054
510 1353 0.940879
691 1257 3.949951
2475 2605 4.919977
1821 3564 1.772005
3178 3270 1.997438
107 1257 0.991547
609 618 1.347265
2475 2605 4.919977
1821 3589 1.022674
609 618 1.347265
3073 3252 3.766417
1257 1353 3.302972
618 974 2.248684
1174 1304 2.149875
2346 2605 0.895348
2008 1821 2.140216
432 510 3.805877
1434 2212 1.325821
1434 1485 1.226064
107 1304 1.943233
107 1310 2.386572
3581 3591 1.797459
2989 3035 2.056287
2351 2684 1.232356
2346 2403 4.255453
2346 2403 4.255453
107 691 2.646069
351 2403 4.058807
2351 2403 0.057832
846 896 1.773677
2346 2351 0.97789
2346 2351 0.97789
1148 1257 0.662232
3073 3252 3.766417
3035 3270 4.059488
2487 2891 3.946828
351 2346 1.302758
2346 2502 1.869638
1257 1353 3.302972
2487 2536 1.7745
974 1148 0.16312
107 1257 0.991547
2962 3110 2.633297
1086 1289 0.665516
2351 2641 3.431621
3051 3110 1.055316
2346 2414 1.405317
974 1353 4.004829
2346 2536 0.483668
2278 2824 3.616682
2351 2722 4.967047
3564 3581 4.762905
351 2684 1.882054
974 1148 0.16312
2351 2605 3.0112
503 777 1.888523
432 1148 0.483069
503 1083 0.341798
2962 2989 0.253215
107 777 0.304281
432 1304 4.77231
3073 3178 0.625411
351 2123 0.379887
2403 2684 3.01127
2403 2605 2.457753
3252 1490 0.319583
503 1148 1.361624
2403 2502 2.07696
510 974 2.436796
2330 2820 0.039866
3302 3391 2.260646
2403 2722 3.424879
777 1129 1.783258
2351 2641 3.431621
3051 3270 1.916177
2351 2722 4.967047
2475 2502 1.133839
1423 2139 0.722823
2475 2605 4.919977
2351 2605 3.0112
2007 2009 3.379317
2008 1821 2.140216
3178 3252 2.597555
1086 1289 0.665516
2475 2684 3.048271
107 1083 1.688172
2417 2543 0.614674
1257 1289 0.92765
3110 1490 2.973916
510 1353 0.940879
1461 1485 1.62159
351 2475 1.014796
1086 1289 0.665516
3110 1490 2.973916
107 1289 4.31386
107 1191 0.388286
351 2403 4.058807
2989 1490 1.049421
1485 1490 4.008418
2212 1461 3.820492
3178 3252 2.597555
351 2534 0.55284
351 2351 0.423481
4014 4024 2.950946
2964 3110 1.143774
503 510 1.57054
2962 2989 0.253215
777 1129 1.783258
1257 1289 0.92765
1086 1304 3.265469
691 1289 2.643535
351 1243 0.755259
2989 3110 4.534258
2414 2475 1.09711
2487 2722 1.551583
2605 2684 1.11059
107 1304 1.943233
351 1243 0.755259
2488 2891 3.692423
107 1243 4.469244
3178 3302 4.019657
1123 1289 2.769633
1423 1448 1.04174
107 432 0.29083
1148 1289 0.91124
510 974 2.436796
3073 3110 0.059268
107 691 2.646069
3245 3262 4.748646
609 1289 0.502153
1821 3609 0.187401
107 1191 0.388286
1434 2139 3.890294
351 2617 2.671485
2964 3252 1.850649
2475 2536 0.113738
1083 1129 0.660216
3178 1490 4.650114
2964 3051 0.551671
1148 1174 1.865386
2989 3391 0.839156
1148 1174 1.865386
510 974 2.436796
351 2351 0.423481
1448 1485 1.867335
618 974 2.248684
1423 1485 3.839191
859 1191 0.843775
691 1257 3.949951
107 503 0.619811
1434 1490 1.138046
833 859 2.843798
3252 1490 0.319583
2139 2212 4.661017
351 2487 2.995084
107 609 1.604758
2330 2820 0.039866
2962 3302 1.264884
351 2617 2.671485
107 1129 4.123625
2962 3073 2.670639
2346 2403 4.255453
503 1148 1.361624
1448 2212 4.44711
432 510 3.805877
691 974 4.434495
3035 3252 1.720651
2351 2536 1.718368
2403 2641 4.59743
896 1310 3.037293
2351 2475 2.944613
107 1289 4.31386
2008 2052 4.30146
2617 2123 1.399929
2475 2536 0.113738
1243 2182 3.118973
351 2534 0.55284
432 1123 0.291952
432 510 3.805877
107 1257 0.991547
3252 3391 3.902998
3073 3252 3.766417
3252 1490 0.319583
503 609 2.086088
2008 1821 2.140216
2351 2641 3.431621
3052 3357 4.611798
2605 2684 1.11059
432 609 2.925172
3035 3252 1.720651
691 1123 1.006823
432 974 0.994291
503 777 1.888523
1174 1304 2.149875
1485 1490 4.008418
4014 4024 2.950946
1148 1257 0.662232
3051 3178 3.304756
1454 1485 1.358486
1821 3593 3.521773
2962 3110 2.633297
107 691 2.646069
432 974 0.994291
432 1083 2.398323
2417 2543 0.614674
2351 2475 2.944613
2330 2820 0.039866
3073 3252 3.766417
107 351 1.555546
1434 1490 1.138046
2403 2641 4.59743
142 323 3.507784
1083 1289 4.883983
1869 1940 3.805178
974 1174 1.545576
3073 3391 1.305011
107 833 2.790652
2351 2403 0.057832
2351 2605 3.0112
510 1353 0.940879
2346 2536 0.483668
1821 2052 0.595635
351 2488 3.380221
503 777 1.888523
2989 3270 0.783681
1123 1129 4.924603
2351 2891 4.82859
1423 2139 0.722823
3110 3391 4.307708
2346 2403 4.255453
510 777 2.093259
2964 3270 4.16915
618 777 1.580363
3052 3357 4.611798
3027 3357 4.206341
1821 3703 2.130083
3035 3110 1.048669
107 351 1.555546
3051 3252 4.841297
2393 2617 1.818436
2962 3270 0.957038
3110 3391 4.307708
1448 1490 3.999097
2008 2052 4.30146
1434 2212 1.325821
1448 1490 3.999097
2403 2536 2.316123
2393 2617 1.818436
3178 3391 1.52887
2475 2722 1.348807
2403 2487 2.170408
2989 3051 1.677325
3581 3593 4.885871
2393 2543 3.364211
3035 3178 3.560417
2964 3073 1.230796
691 1353 3.885885
1083 1086 4.947434
3270 3391 4.842695
