2159 3466 0.302767
104 200 4.140046
3119 3184 3.576765
3071 3159 2.244301
408 791 2.314233
482 991 4.076127
3635 2088 0.296928
1420 1485 0.60116
1782 1813 2.225216
3053 3407 4.826793
2790 2857 4.600105
1483 1487 4.600062
3024 3153 2.600027
512 1040 2.188814
0 10 1.188543
1568 1590 0.233335
1125 1267 2.627973
681 862 3.268633
2536 2619 0.589646
3697 3728 1.791614
483 877 3.979525
3253 3457 2.624125
3203 3462 4.235375
363 761 4.881546
1029 1165 3.146856
3293 1490 1.453312
3062 3120 4.969344
2627 2826 3.371423
2447 2834 1.395079
3750 3814 0.895747
1042 1096 0.143964
3441 3461 2.321428
3007 3068 4.058916
107 942 3.831799
1062 1122 0.27231
3389 3432 3.283396
2196 1490 4.905919
1577 1644 3.845344
572 788 0.758133
2342 2075 2.885774
1900 1981 3.001634
400 1061 2.411345
107 1248 0.767184
1259 1330 0.092725
3125 3341 3.391643
3209 3315 2.210357
746 1120 4.866492
2762 2189 3.710299
351 2486 2.376271
3034 3040 0.458544
3635 3851 0.463227
383 408 1.282681
3034 3293 0.431012
791 862 0.871521
3071 3461 4.23679
351 2834 1.370304
3253 3341 3.584803
3062 1490 1.029322
3209 3315 2.210357
3007 3119 2.288228
3119 3159 3.689732
877 1125 3.359435
3053 3441 2.590499
3068 3461 1.34475
3153 3407 3.979936
877 1040 3.984233
3159 1490 1.963432
3034 3053 1.487248
3120 1490 2.015726
3071 3119 1.214184
3007 3125 3.250339
681 1125 3.911366
3814 2088 0.545109
3034 3053 1.487248
3071 3125 1.793936
3159 3315 2.221732
3068 3341 2.273567
1782 1813 2.225216
3007 3253 4.137387
3153 3407 3.979936
3814 2088 0.545109
3120 3159 0.739502
3184 3461 4.475607
3253 3457 2.624125
1259 1330 0.092725
3120 3125 0.068921
3120 3441 0.501823
107 788 3.499202
3125 3462 3.896245
2196 1485 1.466811
351 2790 2.505796
3125 3159 1.647949
3209 3253 0.26443
3068 3203 1.028027
3040 3407 1.605518
3315 3461 4.242364
383 791 3.417896
788 862 1.300787
3814 2088 0.545109
512 877 1.104658
3053 3153 0.062782
3024 1490 1.284426
3159 3461 1.163291
1040 1330 4.263977
3728 3851 4.117759
3034 3293 0.431012
862 1125 0.092002
3184 3341 4.318939
572 942 1.462968
107 363 1.835851
572 942 1.462968
3024 3253 3.806145
991 351 1.649663
788 791 3.064734
3024 3461 3.425042
2447 2834 1.395079
3024 3315 0.595314
3024 3159 2.055583
2196 1490 4.905919
351 2536 1.97315
3119 3125 1.628051
383 408 1.282681
3293 3462 0.298858
0 107 2.082658
3315 3407 3.332436
107 942 3.831799
3461 3462 2.535512
3007 3461 4.587431
107 761 4.695592
1490 3407 0.379373
3315 3389 3.028975
3062 3253 3.05553
351 2834 1.370304
3125 3203 1.385992
746 1120 4.866492
3203 3461 1.369324
877 1040 3.984233
3209 3293 2.024469
3119 3120 4.081135
3119 3203 2.339805
383 1267 2.036821
877 1330 3.976595
3071 3203 4.027468
512 791 4.801655
3007 3040 2.197636
3159 3203 3.777006
2342 2075 2.885774
104 200 4.140046
3024 3407 3.481108
383 1125 4.845452
2196 1490 4.905919
3053 3457 2.244007
2447 2834 1.395079
3153 3441 3.010729
3119 3209 0.098529
3159 3457 3.639922
3040 3253 2.095116
3209 1490 2.301265
3071 3315 3.875506
3062 3203 0.494133
3635 3750 2.027554
3407 3441 2.707797
3040 3441 4.517424
3053 1490 2.557134
3315 3432 3.106585
3053 3159 4.213081
3040 3062 0.715661
351 2826 4.062359
3153 3203 4.76309
512 1040 2.188814
3024 3062 3.728393
107 1096 3.333056
791 1096 0.554627
3040 3203 2.406666
2342 2075 2.885774
3184 3389 4.511442
3034 3432 3.487968
3120 3153 2.798311
3120 3461 3.797889
512 1040 2.188814
3119 3125 1.628051
3034 3053 1.487248
3034 3159 3.126118
791 1267 0.871694
3125 3461 2.903784
400 1061 2.411345
3007 3024 0.431435
351 2619 4.705212
3024 3407 3.481108
3034 3293 0.431012
3635 3728 0.560595
3034 3441 0.737771
942 1096 0.477203
3068 3203 1.028027
3203 3461 1.369324
2447 2834 1.395079
0 107 2.082658
1483 1487 4.600062
3007 3457 3.714797
3071 3209 3.379572
3007 3457 3.714797
3024 3341 0.172767
3024 3068 4.106862
3053 3209 2.364069
107 681 3.075723
862 1096 2.960171
3120 3457 1.338954
2342 2826 0.798967
107 1267 4.195016
3119 3461 4.413997
3053 3209 2.364069
0 10 1.188543
10 200 0.990421
2790 2075 4.379699
3159 1490 1.963432
3203 3441 0.204977
3125 3209 4.367388
3209 3407 3.351223
107 1330 4.317395
1040 1330 4.263977
3007 3407 3.146082
3024 3315 0.595314
862 1267 0.954128
3034 3184 4.484988
3062 3341 0.94441
3389 3432 3.283396
3153 3407 3.979936
3068 3457 4.076953
3635 3814 4.245179
3457 3462 4.528581
3068 3120 0.303974
3120 3153 2.798311
877 1125 3.359435
3062 3203 0.494133
1568 1590 0.233335
3068 3462 1.215916
3007 3119 2.288228
3461 3462 2.535512
3062 3462 2.449386
3814 2088 0.545109
3024 3068 4.106862
0 200 4.959634
351 2619 4.705212
3024 3441 2.342887
681 1040 4.894274
3153 3293 4.914093
351 2486 2.376271
3159 3462 1.432
3068 3159 3.145255
107 363 1.835851
3024 3184 2.861027
3120 3125 0.068921
572 862 1.737894
3125 3407 1.705567
3159 3461 1.163291
3457 3462 4.528581
3203 3457 2.177299
3341 1490 0.694794
2486 2536 0.01409
572 942 1.462968
2342 2826 0.798967
3024 3407 3.481108
862 1096 2.960171
3007 3071 3.199298
3315 3461 4.242364
3071 3125 1.793936
3159 3203 3.777006
3068 3462 1.215916
3125 3159 1.647949
3159 3341 4.543101
3125 3293 3.508222
107 1120 3.631617
791 1267 0.871694
788 877 2.332347
3209 3253 0.26443
1259 1330 0.092725
3053 3441 2.590499
107 746 0.689721
107 1267 4.195016
3071 3119 1.214184
3071 3209 3.379572
3024 3461 3.425042
383 408 1.282681
3120 1490 2.015726
3034 3040 0.458544
2486 2536 0.01409
3053 3153 0.062782
1485 1490 4.008418
3635 3750 2.027554
3119 3315 2.214732
3034 3040 0.458544
3034 3315 0.109295
3125 3432 2.6583
3068 3209 0.391197
3062 3407 4.770151
3293 3462 0.298858
3159 3341 4.543101
351 2857 0.314218
3007 3159 1.930978
3728 3851 4.117759
512 1040 2.188814
3007 3461 4.587431
3635 2088 0.296928
791 1259 1.054672
483 942 4.926953
3034 3407 4.326045
3209 3441 2.55461
351 2619 4.705212
3209 3315 2.210357
3040 3407 1.605518
3024 3071 4.032722
3120 1490 2.015726
3053 3125 2.945834
483 1096 3.742875
3071 3184 4.440182
942 1096 0.477203
877 1125 3.359435
3728 3851 4.117759
107 1061 1.142241
1483 1490 3.001969
3053 3432 3.138899
1490 3457 2.623621
746 1120 4.866492
3159 3209 4.740134
3053 3407 4.826793
3024 3203 3.903456
3068 3315 2.833996
3814 2088 0.545109
3034 3315 0.109295
383 862 2.497244
3153 3203 4.76309
788 791 3.064734
107 761 4.695592
3120 3432 3.01854
483 942 4.926953
3024 3253 3.806145
107 1061 1.142241
3184 3293 0.979608
3184 3293 0.979608
862 1259 0.875585
3024 3315 0.595314
3315 3457 1.978297
3120 3153 2.798311
3068 3159 3.145255
3184 3209 3.142859
3119 3120 4.081135
0 10 1.188543
3253 3341 3.584803
3119 3457 4.201488
107 363 1.835851
3007 3461 4.587431
3007 3062 1.910992
512 862 1.249485
3024 3389 1.948392
107 791 0.45199
3153 3441 3.010729
3184 3315 1.289755
107 482 4.90275
3007 3119 2.288228
3062 3253 3.05553
3253 3461 3.668952
3024 3407 3.481108
107 383 3.652082
3119 3184 3.576765
3040 1490 1.812361
3007 3062 1.910992
3034 3062 2.945967
1042 1096 0.143964
3007 3071 3.199298
3062 3253 3.05553
3071 3407 2.819022
1096 1267 3.398703
3209 3315 2.210357
3034 3184 4.484988
3007 3293 4.701302
