1267 1336 1.166494
3017 3050 1.954593
652 990 1.8769
2995 3159 2.446581
3271 1498 4.311819
3813 3861 2.755687
1053 1332 3.51829
888 1231 1.81557
107 466 0.86982
1437 1493 3.652258
422 709 3.647368
3310 3365 3.819922
65 261 2.881386
3651 3954 0.894862
1431 3374 0.4227
863 1192 1.615213
136 1449 0.810753
3067 3416 1.69019
352 2996 0.377561
2251 2430 1.820308
3376 3424 2.316796
1821 3727 3.762608
2321 2238 3.387064
2154 1479 0.935687
1471 3471 4.634785
2980 3110 2.01957
1929 1979 1.597365
2117 2839 3.990073
453 562 0.10433
697 1151 0.978283
420 1231 1.365638
366 1305 2.620634
3449 3461 2.432304
2966 3142 3.389754
1538 1673 2.806555
1692 371 2.560797
1024 1215 2.929297
2409 2508 3.148887
351 2668 0.227898
2196 1482 0.767327
3121 3258 2.89093
382 918 1.952172
1107 1308 1.264533
2398 2123 2.580525
2129 2228 0.631507
593 1002 0.688122
1435 1479 0.700361
675 1316 4.078223
3276 3295 4.765144
2991 2199 3.406664
2362 2652 2.279117
352 3017 1.445146
351 2409 0.079082
366 371 3.908167
453 562 0.10433
2966 3276 4.093567
1107 1192 0.29281
562 863 3.343889
3310 3461 2.999736
107 466 0.86982
3813 3861 2.755687
420 1002 1.991178
1431 1479 2.858144
351 2409 0.079082
3159 3310 3.61412
2966 3376 3.780667
2995 3142 2.487758
562 697 4.727524
453 863 4.256303
351 2508 1.472807
3295 3365 0.396758
2154 3295 4.78493
3142 3295 2.95628
2980 2154 0.145659
1192 1231 2.137152
352 1493 3.420775
3365 3376 3.921178
3376 3424 2.316796
697 1151 0.978283
1002 1107 2.364161
562 1231 1.690665
2129 1479 0.507385
1431 2228 1.653501
2966 2996 4.671678
2966 3376 3.780667
1002 1192 0.335834
2129 2228 0.631507
3142 3310 3.741421
593 1308 4.436627
2996 3376 4.909643
107 1192 0.914425
1107 1308 1.264533
888 1192 0.229108
466 1308 0.804028
2652 2123 2.131801
1024 1151 0.006663
3276 3461 1.311932
1437 1493 3.652258
107 1107 2.72082
453 1107 2.919158
863 1336 2.443299
697 1107 3.926477
107 422 4.004476
352 3067 2.363173
3159 3365 2.417219
1538 371 4.131624
366 652 3.081642
2966 2980 0.661968
1929 1979 1.597365
351 2117 2.968818
3424 3461 3.369268
593 1024 3.865936
136 1437 0.258445
2980 3461 0.680807
136 1493 0.168547
2321 2652 2.99238
352 3110 0.34116
136 1435 0.155018
2996 3424 2.653256
2668 2238 3.24955
2362 2668 2.884091
2508 2117 2.763393
562 697 4.727524
2196 2129 3.083776
1821 3813 3.741851
1449 1479 4.420702
2652 2123 2.131801
3159 3461 1.163291
2991 2199 3.406664
107 422 4.004476
2196 1435 4.378355
3424 3461 3.369268
107 863 4.4566
107 863 4.4566
352 2129 4.102346
2980 3376 4.312618
2966 3449 0.923863
562 697 4.727524
352 3067 2.363173
136 1482 3.101929
2199 3110 2.092607
136 1435 0.155018
3159 3276 0.674223
2980 3310 0.133071
2980 3295 1.442599
107 422 4.004476
352 3121 3.838836
697 1002 4.367144
2966 2996 4.671678
420 1024 1.446721
3295 3424 3.560272
1192 1231 2.137152
697 1192 3.998584
107 466 0.86982
2199 3110 2.092607
107 366 3.918369
1002 1107 2.364161
366 371 3.908167
352 3461 3.269118
1538 366 4.611051
352 1435 0.618665
352 3374 1.39496
2995 2196 1.629867
453 863 4.256303
352 2991 2.919653
453 1267 0.238449
466 1308 0.804028
1482 2228 1.153153
1192 1215 0.063325
2995 3142 2.487758
2199 1482 0.246755
352 3142 4.885629
2980 3276 2.814072
1435 1482 1.48635
466 863 2.948687
3017 3050 1.954593
422 709 3.647368
352 3416 0.523396
466 1002 4.048014
107 1316 4.381689
697 1151 0.978283
3365 3449 1.150569
2980 3461 0.680807
2995 3376 3.567647
2362 2238 4.690895
3276 3365 1.990262
2966 2980 0.661968
1151 1215 2.875911
3276 3449 2.004212
1107 1308 1.264533
352 1437 1.617775
2995 3142 2.487758
453 888 0.414822
2409 2508 3.148887
2154 3276 2.033915
2362 2398 3.211581
352 3258 3.835262
352 3110 0.34116
2966 2980 0.661968
2321 2362 4.52734
3159 3376 4.300605
2129 1449 3.439804
1107 1192 0.29281
352 3416 0.523396
593 1107 3.745021
453 1267 0.238449
453 1002 1.53921
1471 3471 4.634785
3067 3416 1.69019
107 593 0.085451
1107 1215 0.257424
1002 1215 4.151619
3142 3295 2.95628
1471 3471 4.634785
562 1231 1.690665
352 3376 4.442246
2129 1449 3.439804
352 3449 1.684193
1821 3651 2.25314
1192 1308 4.307369
352 3110 0.34116
2362 2398 3.211581
1435 1482 1.48635
107 453 1.494099
863 1215 3.50923
352 3449 1.684193
352 1449 1.424695
2321 2238 3.387064
1107 1192 0.29281
107 918 0.718973
1107 1231 1.411438
107 1231 0.327256
107 1231 0.327256
2129 1479 0.507385
352 3416 0.523396
107 1267 4.195016
2980 3159 3.481482
3142 3276 1.128277
1435 1482 1.48635
107 675 1.601132
863 1215 3.50923
2966 2995 0.619068
3376 3424 2.316796
136 1435 0.155018
420 863 0.639748
3110 3295 3.544673
3276 3461 1.311932
351 2839 0.893457
2154 3365 0.188585
107 863 4.4566
3365 3461 3.877778
352 3376 4.442246
2154 3424 0.225462
2154 3276 2.033915
3110 3310 2.038168
2996 3376 4.909643
593 1231 0.658583
351 2251 0.01786
2199 1449 4.73139
863 1192 1.615213
3310 3365 3.819922
366 1305 2.620634
2995 3310 3.921983
2129 1449 3.439804
371 352 0.636942
2362 2398 3.211581
3142 3461 4.385488
2995 3159 2.446581
1002 1107 2.364161
351 2652 3.406343
453 863 4.256303
1231 1308 2.787979
107 593 0.085451
2129 1449 3.439804
1493 3471 0.335809
2199 1435 0.441567
2980 3449 1.237901
352 3374 1.39496
562 863 3.343889
1437 1471 0.994267
562 1002 2.6844
352 3424 0.626315
107 1231 0.327256
863 1002 0.89046
2668 2123 3.409871
107 1002 2.565179
2991 2199 3.406664
1024 1215 2.929297
562 1002 2.6844
466 1308 0.804028
352 3310 1.574888
3295 3449 2.362519
351 2123 0.379887
352 3449 1.684193
3276 3449 2.004212
366 371 3.908167
1437 1493 3.652258
1482 2228 1.153153
2995 3365 3.899109
593 697 1.658826
2409 2508 3.148887
2966 3159 3.758425
107 1336 1.160674
562 1002 2.6844
562 1002 2.6844
466 1002 4.048014
2966 3310 3.916218
351 2508 1.472807
1538 1692 2.966524
107 888 0.295189
593 1231 0.658583
366 422 2.495423
136 1431 0.131593
2966 3365 1.382707
2995 3142 2.487758
3110 3142 0.146649
3276 3461 1.311932
107 863 4.4566
888 1192 0.229108
1431 1482 3.350129
1449 2154 2.270626
371 352 0.636942
352 3416 0.523396
1002 1267 1.640524
697 1192 3.998584
107 562 1.350478
453 888 0.414822
351 2652 3.406343
3295 3376 0.472495
2129 2228 0.631507
136 1471 1.221411
697 1215 1.399868
1107 1192 0.29281
352 2228 1.79081
352 2199 3.913752
2398 2238 0.102519
351 2117 2.968818
352 3050 3.091212
107 562 1.350478
2996 3376 4.909643
351 2839 0.893457
1192 1308 4.307369
453 1215 1.957473
136 1482 3.101929
352 3276 2.341532
2966 3142 3.389754
136 1498 1.236194
107 1316 4.381689
351 2123 0.379887
2199 3110 2.092607
466 1192 4.732433
1053 1332 3.51829
1929 1979 1.597365
3295 3461 1.164206
2980 3110 2.01957
562 1107 1.145943
3142 3276 1.128277
352 1431 4.389482
3159 2154 0.199835
2321 2652 2.99238
697 1192 3.998584
2652 2668 0.008413
3295 3449 2.362519
107 422 4.004476
107 562 1.350478
1107 1215 0.257424
352 3110 0.34116
593 1215 2.965881
2199 2154 1.64142
3276 3310 0.66182
3067 3258 4.491943
107 1267 4.195016
352 2991 2.919653
1538 366 4.611051
107 990 3.504189
351 2668 0.227898
1435 2154 3.453267
3050 3310 0.820596
107 1215 1.801787
3295 3376 0.472495
1107 1308 1.264533
2196 2154 2.111296
351 2362 2.813228
2996 3461 2.81566
3067 3416 1.69019
2251 2430 1.820308
3365 3376 3.921178
351 2668 0.227898
136 1437 0.258445
3271 1498 4.311819
2154 3295 4.78493
107 562 1.350478
107 1308 4.156
3121 3258 2.89093
1267 1336 1.166494
863 1215 3.50923
3159 3449 4.16208
136 1437 0.258445
1692 371 2.560797
352 2129 4.102346
1431 1479 2.858144
3159 3449 4.16208
1435 1449 2.495434
2154 3449 1.911379
453 1267 0.238449
352 3449 1.684193
1482 2228 1.153153
136 1437 0.258445
107 593 0.085451
3142 3376 2.423524
3110 3310 2.038168
2129 1435 4.714322
1215 1308 4.072012
107 888 0.295189
3310 3449 0.122369
2966 3310 3.916218
2154 3365 0.188585
1053 1332 3.51829
352 3295 0.807689
2199 1482 0.246755
697 1002 4.367144
352 3365 0.937567
888 1308 0.127351
136 352 3.790248
366 1673 4.154794
136 1431 0.131593
3142 3159 1.272493
352 1498 2.606713
352 2129 4.102346
107 1192 0.914425
352 1449 1.424695
352 3449 1.684193
3142 3376 2.423524
107 990 3.504189
420 1192 1.294473
420 1107 0.574733
1449 1479 4.420702
1431 1449 2.600478
1431 1479 2.858144
107 863 4.4566
352 3365 0.937567
863 1215 3.50923
1431 1435 4.533113
3110 3310 2.038168
3159 3424 3.075169
593 1002 0.688122
107 453 1.494099
3142 3365 0.752467
107 1151 3.263243
1471 3471 4.634785
2996 3424 2.653256
136 1449 0.810753
351 2123 0.379887
1435 1479 0.700361
2966 3142 3.389754
351 2362 2.813228
2362 2398 3.211581
3310 3365 3.819922
3142 3295 2.95628
593 1192 4.287852
863 1308 1.101833
351 2238 2.181036
2362 2238 4.690895
366 1673 4.154794
1431 1435 4.533113
453 1002 1.53921
2995 3142 2.487758
352 3310 1.574888
3050 3310 0.820596
1435 1482 1.48635
2995 3142 2.487758
1002 1267 1.640524
136 1479 2.633745
3365 3449 1.150569
3159 3449 4.16208
136 352 3.790248
2995 3449 4.936804
420 466 2.927522
2154 1479 0.935687
352 1498 2.606713
466 1192 4.732433
2966 3461 1.842333
2980 3449 1.237901
2154 3424 0.225462
352 1482 1.612581
697 1231 1.006034
3271 1498 4.311819
453 1107 2.919158
1479 1482 3.58253
352 3376 4.442246
352 2199 3.913752
697 1151 0.978283
593 1002 0.688122
352 3295 0.807689
2995 3295 3.916406
352 2995 0.965394
593 1151 3.259275
697 1151 0.978283
351 2398 4.151478
352 2996 0.377561
3110 3295 3.544673
136 1479 2.633745
351 2839 0.893457
3142 3310 3.741421
562 1107 1.145943
2996 3159 1.664404
2996 3110 4.640475
888 1231 1.81557
352 3295 0.807689
1449 2154 2.270626
107 1215 1.801787
2980 3276 2.814072
420 1107 0.574733
2980 3376 4.312618
2980 2996 3.944071
863 1192 1.615213
562 863 3.343889
2995 3365 3.899109
352 2996 0.377561
3159 3449 4.16208
352 3310 1.574888
420 562 1.692969
107 562 1.350478
107 1308 4.156
1437 1493 3.652258
352 2980 2.324917
352 3374 1.39496
107 422 4.004476
2129 1449 3.439804
2980 3276 2.814072
1151 1192 3.20581
2196 1435 4.378355
2995 2154 4.384824
3110 3449 4.19317
352 1435 0.618665
136 1493 0.168547
863 1215 3.50923
420 1215 2.481785
1024 1107 4.933097
2966 3376 3.780667
107 366 3.918369
107 1316 4.381689
136 352 3.790248
2966 3376 3.780667
1053 1332 3.51829
593 697 1.658826
3110 3310 2.038168
2199 2154 1.64142
3110 3310 2.038168
136 1471 1.221411
2966 3142 3.389754
352 1471 3.20304
1449 2228 4.121891
453 1002 1.53921
1002 1308 3.967893
2409 2508 3.148887
466 1267 0.878374
3365 3461 3.877778
1024 1215 2.929297
652 990 1.8769
2154 3276 2.033915
2966 3449 0.923863
2129 2154 0.414517
863 1107 4.418801
2129 1449 3.439804
1821 3651 2.25314
3276 3461 1.311932
466 863 2.948687
466 1267 0.878374
352 3276 2.341532
420 466 2.927522
2995 3142 2.487758
107 709 1.271201
3110 3449 4.19317
352 2991 2.919653
2995 3310 3.921983
697 1231 1.006034
593 697 1.658826
2362 2668 2.884091
3142 3449 3.35394
1431 3374 0.4227
420 466 2.927522
107 1024 2.808307
593 1107 3.745021
352 3271 3.587213
352 2196 1.562319
107 1192 0.914425
420 1231 1.365638
352 1498 2.606713
888 1308 0.127351
3159 3449 4.16208
3295 3424 3.560272
2321 2652 2.99238
3271 1498 4.311819
2991 2199 3.406664
107 466 0.86982
3142 3276 1.128277
593 1024 3.865936
107 420 0.111083
466 1002 4.048014
1493 3471 0.335809
352 1493 3.420775
1192 1308 4.307369
107 371 2.265761
3110 3376 2.695071
888 1308 0.127351
863 1336 2.443299
1002 1231 1.145859
1437 1493 3.652258
1538 1692 2.966524
2154 3449 1.911379
366 371 3.908167
675 1316 4.078223
697 1107 3.926477
1002 1308 3.967893
107 1024 2.808307
2154 3310 4.081577
352 3121 3.838836
863 1336 2.443299
1821 3954 3.219945
420 1231 1.365638
3159 2154 0.199835
1002 1192 0.335834
3159 3424 3.075169
3424 3449 3.753338
2966 3142 3.389754
888 1151 0.319523
3276 3295 4.765144
136 1479 2.633745
352 3271 3.587213
352 1479 3.174367
3142 3461 4.385488
453 466 3.639158
2409 2508 3.148887
2196 2129 3.083776
352 3471 0.520236
352 3365 0.937567
1435 2154 3.453267
3276 3461 1.311932
422 709 3.647368
1821 3651 2.25314
352 1493 3.420775
136 1431 0.131593
3142 3295 2.95628
2199 1482 0.246755
352 1435 0.618665
352 2199 3.913752
2995 3424 1.817604
2129 2154 0.414517
593 1192 4.287852
2154 1479 0.935687
1435 1449 2.495434
1024 1107 4.933097
2980 3110 2.01957
3310 3449 0.122369
3276 3449 2.004212
3295 3365 0.396758
107 863 4.4566
2980 3110 2.01957
3159 2154 0.199835
352 3376 4.442246
3110 3365 1.985411
107 1053 2.181767
1821 3651 2.25314
3449 3461 2.432304
2980 3424 2.747749
352 2129 4.102346
1107 1192 0.29281
107 652 1.655317
863 1267 4.547939
1151 1231 0.842271
2652 2668 0.008413
863 1107 4.418801
107 593 0.085451
2398 2668 0.540026
2966 3365 1.382707
1002 1308 3.967893
3142 3376 2.423524
1821 3861 4.093819
3050 3310 0.820596
2154 3461 2.228958
136 1431 0.131593
1107 1267 4.751083
352 1493 3.420775
1435 1479 0.700361
466 1002 4.048014
1821 3727 3.762608
351 2430 4.852146
1002 1267 1.640524
1435 1482 1.48635
366 382 0.408659
2980 2154 0.145659
3376 3449 4.825836
422 709 3.647368
3159 3449 4.16208
1821 3861 4.093819
1821 3954 3.219945
351 2238 2.181036
697 1107 3.926477
420 697 4.54144
3142 3159 1.272493
420 1215 2.481785
2995 3276 1.148099
352 3142 4.885629
3276 3310 0.66182
2154 3310 4.081577
1002 1192 0.335834
2980 2154 0.145659
420 1308 1.030565
2398 2123 2.580525
351 2839 0.893457
3017 3050 1.954593
2980 3310 0.133071
466 697 4.269731
2129 1435 4.714322
697 1215 1.399868
453 562 0.10433
2321 2652 2.99238
107 675 1.601132
2966 3276 4.093567
107 1107 2.72082
351 2508 1.472807
3159 3376 4.300605
3067 3258 4.491943
2966 3449 0.923863
3159 3449 4.16208
466 1231 3.6013
2980 3159 3.481482
2251 2430 1.820308
466 1308 0.804028
1479 2228 2.567494
3067 3416 1.69019
3310 3376 4.993281
136 1449 0.810753
136 1498 1.236194
3142 3376 2.423524
352 3017 1.445146
107 675 1.601132
352 3258 3.835262
3159 3295 0.641542
652 990 1.8769
3142 3310 3.741421
1821 3954 3.219945
107 593 0.085451
3142 3461 4.385488
2652 2668 0.008413
652 1305 0.721216
2409 2508 3.148887
3110 3461 0.6842
1431 1479 2.858144
352 1437 1.617775
352 2991 2.919653
107 1305 4.925133
107 1316 4.381689
352 2228 1.79081
562 1107 1.145943
1107 1192 0.29281
652 990 1.8769
136 352 3.790248
652 1305 0.721216
107 593 0.085451
1538 1673 2.806555
1479 2228 2.567494
107 562 1.350478
352 3310 1.574888
3159 2154 0.199835
2117 2839 3.990073
3159 2154 0.199835
1538 1692 2.966524
3142 3310 3.741421
562 863 3.343889
1192 1231 2.137152
1437 1471 0.994267
107 652 1.655317
2995 3310 3.921983
420 1308 1.030565
420 1308 1.030565
2966 2996 4.671678
863 1231 2.833449
652 1305 0.721216
420 1231 1.365638
352 2996 0.377561
3159 3376 4.300605
1024 1107 4.933097
453 1107 2.919158
1821 3954 3.219945
3110 3449 4.19317
2154 3461 2.228958
351 2238 2.181036
3376 3461 4.969944
3295 3449 2.362519
3365 3376 3.921178
1692 371 2.560797
1821 3727 3.762608
3110 3376 2.695071
136 1482 3.101929
863 1002 0.89046
1435 1482 1.48635
3295 3461 1.164206
3424 3461 3.369268
2995 2196 1.629867
466 1107 3.43563
352 3424 0.626315
2199 2154 1.64142
2199 1431 4.623886
2995 3365 3.899109
352 3376 4.442246
888 1231 1.81557
2980 2996 3.944071
351 2508 1.472807
3142 3424 3.356662
3110 3159 0.737539
2996 3424 2.653256
453 863 4.256303
888 1231 1.81557
107 422 4.004476
2980 3376 4.312618
351 2652 3.406343
593 1231 0.658583
422 709 3.647368
2199 1449 4.73139
107 863 4.4566
3365 3449 1.150569
652 1305 0.721216
107 652 1.655317
