3235 2154 4.939858
2478 2677 4.204534
2637 2653 3.936208
2297 2902 3.300511
1566 1679 4.131724
1043 1086 1.607604
2370 2777 2.072871
2486 2500 3.304088
360 370 1.010885
618 822 3.378447
348 1624 0.928858
603 933 1.852581
2138 1485 0.984427
3736 3915 3.576134
3058 3119 4.654052
969 1298 2.199185
351 2582 4.199651
1821 3505 3.301077
2758 2805 2.815228
774 1154 4.007793
1148 1301 3.457943
236 303 2.571371
3923 3952 2.652716
2442 2450 1.123482
1400 1443 1.618095
608 1229 2.861875
1298 1330 0.11762
2594 2687 2.472575
958 982 1.673277
2681 2816 2.73669
1576 1685 3.957479
3098 3422 1.91389
966 1125 2.208056
0 250 1.826288
2362 2795 1.171902
1452 1466 1.16457
1848 1886 3.32329
2152 2169 0.282368
3078 3088 1.138752
933 1298 3.128871
3125 3273 3.07056
2989 3294 1.086991
107 752 4.338357
107 1144 3.582644
3220 3315 3.751614
1187 1396 2.642766
2049 2046 2.79503
352 2212 0.297199
1400 1441 4.401568
716 974 0.607903
2259 2599 3.359888
3131 3298 0.677015
2212 1476 1.737257
351 2486 2.376271
2138 2152 1.89269
351 2637 0.101703
969 1301 1.701479
2049 2046 2.79503
2362 2902 1.046006
2297 2362 4.08504
3235 3294 0.40119
107 822 1.345206
2486 2500 3.304088
352 2169 2.287611
3125 3315 2.256904
370 608 4.906748
1298 1330 0.11762
1400 1485 4.88107
2805 2902 3.26083
3235 2154 4.939858
2212 1476 1.737257
3098 3131 4.498446
2297 2902 3.300511
974 1148 0.16312
352 3098 0.784801
107 982 1.346409
3119 3273 3.136242
1476 1485 1.054516
1452 1485 0.746904
2486 2653 4.204277
352 3220 2.65078
774 1154 4.007793
352 1485 3.616222
352 3098 0.784801
1441 1476 3.680255
2212 1476 1.737257
351 2450 1.345818
774 933 2.759483
603 618 2.549094
107 608 4.065663
1466 1485 2.609727
2152 2169 0.282368
2259 2486 4.015164
3273 3315 2.76979
1298 1396 3.160798
2154 3273 4.080018
3058 3220 0.224712
351 2637 0.101703
603 1148 0.403124
2795 2902 0.455527
933 974 0.212073
2989 3119 2.272944
352 3125 4.945896
348 1576 4.274695
352 1485 3.616222
1400 2212 2.518253
2486 2500 3.304088
3098 3422 1.91389
2637 2677 3.955263
1466 2169 3.694491
351 2594 1.439547
1043 1148 4.099192
3125 3315 2.256904
107 351 1.555546
352 3098 0.784801
2594 2687 2.472575
974 1154 0.508511
0 236 1.60837
1452 1466 1.16457
1566 1679 4.131724
774 1154 4.007793
107 1396 1.411725
351 2370 4.824094
2362 2594 2.24712
822 974 0.265136
2297 2362 4.08504
603 774 1.877501
3058 3125 3.7159
2212 1466 1.127408
107 1125 3.463367
2362 2795 1.171902
107 716 3.50382
2758 2902 0.540576
370 608 4.906748
370 608 4.906748
348 1576 4.274695
1187 1396 2.642766
3058 3294 2.273481
3298 3422 1.502129
3235 3315 0.872821
1148 1154 4.190755
2138 1485 0.984427
352 3131 0.375975
1441 2154 3.758128
1148 1301 3.457943
1452 2212 4.413569
2777 2902 0.793195
2989 3235 1.67386
2594 2687 2.472575
1043 1148 4.099192
351 2816 1.409442
352 3273 0.308503
974 1043 1.269584
352 1452 3.208674
2138 1466 4.13583
933 1187 1.900676
1148 1330 4.582503
1148 1154 4.190755
822 1154 3.884342
933 974 0.212073
3119 3273 3.136242
1148 1330 4.582503
1400 1485 4.88107
3235 3273 0.086198
3119 3273 3.136242
360 608 1.621424
2777 2902 0.793195
3058 3273 0.252296
107 774 2.194
107 1229 2.617811
2653 2816 0.240006
348 370 0.911349
1685 370 4.172769
2154 1485 0.514079
3235 3273 0.086198
352 3131 0.375975
3058 3125 3.7159
1466 2169 3.694491
1452 1476 2.112997
107 974 3.378922
774 822 0.761935
2478 2500 4.719954
2478 2599 4.534786
1400 2154 2.575312
3235 3315 0.872821
933 1187 1.900676
1452 1476 2.112997
3058 3220 0.224712
618 716 0.057187
716 1330 2.775164
351 2653 0.404582
107 351 1.555546
1441 1452 1.889778
1298 1396 3.160798
2362 2594 2.24712
348 360 4.528617
1441 1443 4.456592
3078 3088 1.138752
974 1043 1.269584
618 1298 4.957222
348 1576 4.274695
974 1330 3.613615
351 2637 0.101703
352 3220 2.65078
0 107 2.082658
1125 1298 1.150359
2152 1485 2.274675
351 2259 0.331876
1476 1485 1.054516
2049 2046 2.79503
1400 2169 4.349854
348 1566 2.600341
2362 2805 2.726035
1441 2169 4.784534
2594 2902 4.889979
1443 1466 1.386935
2478 2486 4.869777
1443 2154 4.644875
2212 2152 4.304434
3235 3294 0.40119
2259 2599 3.359888
2486 2653 4.204277
1443 2152 4.108492
352 2169 2.287611
2152 1466 4.467037
603 1148 0.403124
3098 3298 0.762959
107 1043 4.116144
966 1086 4.860018
1821 3952 4.198271
352 3131 0.375975
1400 1485 4.88107
716 1330 2.775164
1685 370 4.172769
2154 1466 2.854586
351 2259 0.331876
352 1443 4.661589
618 1154 2.765378
1476 2169 0.231674
2594 2687 2.472575
1566 1679 4.131724
107 774 2.194
2478 2500 4.719954
1821 3952 4.198271
1576 1685 3.957479
3220 3273 4.416267
352 2989 4.14807
3058 3315 0.552763
2362 2805 2.726035
774 822 0.761935
603 974 4.723802
351 2582 4.199651
1086 1301 2.939446
2989 3294 1.086991
2594 2902 4.889979
2594 2687 2.472575
933 1187 1.900676
107 774 2.194
3298 3422 1.502129
3119 3235 0.432284
351 2653 0.404582
2687 2902 4.499853
2154 3273 4.080018
2138 1466 4.13583
351 2805 2.798246
1466 1485 2.609727
2152 1476 0.661223
933 974 0.212073
107 1187 4.860123
2362 2681 0.210042
2681 2816 2.73669
3119 3125 1.628051
2259 2599 3.359888
352 3298 2.412362
1400 2154 2.575312
2154 3294 4.719747
1441 1466 3.531821
351 2681 4.97124
351 2486 2.376271
2152 2169 0.282368
974 1148 0.16312
2154 1466 2.854586
107 969 0.181104
774 974 2.974689
352 3131 0.375975
107 360 1.2824
3736 3915 3.576134
351 2259 0.331876
107 982 1.346409
1125 1298 1.150359
351 2297 4.545781
351 2370 4.824094
1443 2152 4.108492
0 303 3.511763
107 933 1.480247
618 1301 1.036106
716 1148 3.756382
3098 3298 0.762959
352 3235 3.354212
2259 2486 4.015164
2212 2152 4.304434
107 974 3.378922
2152 1466 4.467037
716 1298 4.386856
603 774 1.877501
107 1043 4.116144
1400 2154 2.575312
351 2599 4.757475
2212 1485 4.736412
348 1679 3.51504
1452 2212 4.413569
1441 2152 1.317628
3125 3315 2.256904
352 3422 3.836416
351 2362 2.813228
3119 3235 0.432284
107 822 1.345206
966 1148 1.775315
2212 2152 4.304434
107 1187 4.860123
716 1043 3.199547
107 1330 4.317395
1821 3736 3.153202
608 1229 2.861875
352 3235 3.354212
352 3058 1.389062
1400 2169 4.349854
107 370 0.691811
822 933 4.936116
1443 2212 4.224929
107 1148 1.112402
2259 2599 3.359888
2154 1476 0.50056
974 1330 3.613615
974 1298 1.038996
2758 2805 2.815228
2154 1485 0.514079
107 1187 4.860123
2259 2677 4.360671
1443 2212 4.224929
2152 1476 0.661223
2152 2169 0.282368
107 1125 3.463367
1400 1466 1.911818
2362 2795 1.171902
2687 2805 3.629142
774 974 2.974689
351 2442 2.695592
2212 1466 1.127408
2362 2902 1.046006
974 1154 0.508511
3058 3119 4.654052
3131 3298 0.677015
1452 1485 0.746904
1576 1685 3.957479
107 1330 4.317395
2152 2169 0.282368
2681 2816 2.73669
2989 2154 1.66839
3058 3235 4.706821
603 618 2.549094
2138 1441 1.342787
3119 3315 2.214732
348 360 4.528617
603 618 2.549094
1443 2212 4.224929
351 2653 0.404582
348 1685 4.948588
2486 2500 3.304088
352 1443 4.661589
2152 2154 0.447398
3098 3298 0.762959
2500 2599 1.422791
2681 2902 1.059706
3235 3273 0.086198
352 3125 4.945896
1476 2169 0.231674
107 1125 3.463367
1848 1886 3.32329
774 974 2.974689
107 982 1.346409
352 1485 3.616222
1485 2169 3.756784
1821 3923 1.872619
3220 3273 4.416267
351 2442 2.695592
3098 3131 4.498446
618 966 3.425195
969 1301 1.701479
716 1330 2.775164
107 752 4.338357
1400 1466 1.911818
1441 1476 3.680255
1821 3736 3.153202
603 774 1.877501
1441 2152 1.317628
107 1144 3.582644
351 2637 0.101703
3235 2154 4.939858
618 974 2.248684
360 1229 1.202221
352 1441 1.860994
2500 2599 1.422791
974 1154 0.508511
3125 3235 2.555078
1400 1476 0.525414
351 2370 4.824094
2478 2677 4.204534
1148 1301 3.457943
2362 2902 1.046006
2478 2486 4.869777
348 1624 0.928858
2152 2154 0.447398
351 2370 4.824094
603 774 1.877501
2758 2902 0.540576
1452 1476 2.112997
3119 3125 1.628051
1043 1086 1.607604
1443 2154 4.644875
3235 3294 0.40119
107 608 4.065663
3098 3131 4.498446
3923 3952 2.652716
618 822 3.378447
2681 2795 3.243657
107 969 0.181104
2138 1476 4.020558
2152 1476 0.661223
3220 3315 3.751614
2362 2594 2.24712
351 2805 2.798246
716 1396 1.17948
351 2653 0.404582
1187 1330 2.945589
2681 2902 1.059706
603 618 2.549094
107 618 2.920865
3125 3235 2.555078
2154 1466 2.854586
716 1148 3.756382
107 1154 3.203472
3058 3315 0.552763
1400 1443 1.618095
352 3078 1.275623
974 1043 1.269584
2154 1485 0.514079
1148 1154 4.190755
1452 1485 0.746904
716 1330 2.775164
1441 1466 3.531821
1848 1886 3.32329
2594 2795 4.09911
716 1298 4.386856
3923 3952 2.652716
2989 3294 1.086991
3119 3273 3.136242
1148 1330 4.582503
2594 2687 2.472575
933 1298 3.128871
3058 3294 2.273481
2442 2450 1.123482
1154 1301 1.926978
107 1086 4.384245
2362 2805 2.726035
2138 1443 4.227368
3273 3294 3.943479
1400 2152 0.106664
3131 3298 0.677015
2681 2795 3.243657
1452 2212 4.413569
352 3235 3.354212
3058 3220 0.224712
352 3119 4.164238
3058 3235 4.706821
1441 1466 3.531821
352 3235 3.354212
1821 3915 3.169847
974 1154 0.508511
2486 2500 3.304088
1441 1466 3.531821
1485 2169 3.756784
107 1330 4.317395
107 966 4.253009
352 3315 4.45165
2152 2169 0.282368
351 2500 3.384644
1400 2138 4.857766
107 608 4.065663
351 2478 2.899784
1441 2212 0.93527
351 2758 2.328631
933 1298 3.128871
2212 1485 4.736412
352 1452 3.208674
974 1330 3.613615
1400 2152 0.106664
348 1624 0.928858
2758 2805 2.815228
370 608 4.906748
603 716 2.474656
716 1148 3.756382
107 1144 3.582644
2152 1485 2.274675
352 3220 2.65078
1400 1441 4.401568
2259 2486 4.015164
1441 2154 3.758128
352 3298 2.412362
618 822 3.378447
351 2370 4.824094
107 1229 2.617811
3078 3088 1.138752
107 1187 4.860123
2478 2599 4.534786
3058 3294 2.273481
107 822 1.345206
2594 2805 4.457798
3125 3220 1.324063
107 370 0.691811
618 774 3.702138
3119 3273 3.136242
2152 1466 4.467037
2758 2902 0.540576
2152 2154 0.447398
1821 3736 3.153202
1125 1298 1.150359
716 1043 3.199547
352 1476 0.217426
1441 2152 1.317628
2138 2152 1.89269
1452 1466 1.16457
603 716 2.474656
351 2500 3.384644
2362 2902 1.046006
107 969 0.181104
966 974 2.080125
348 1624 0.928858
2362 2902 1.046006
2152 2154 0.447398
1443 1476 2.827851
2138 2154 1.242581
352 2169 2.287611
3273 3294 3.943479
107 603 1.054365
618 716 0.057187
2687 2758 3.208422
1441 1452 1.889778
351 2687 2.947781
351 2582 4.199651
