700 1075 2.014135
3365 3407 3.450737
2595 2630 2.807576
3029 3395 1.830886
1455 3440 2.452231
2151 1488 1.403719
721 1227 4.725759
3197 3423 0.585146
2413 2524 2.072031
616 863 0.774128
1933 1951 4.64912
697 1226 3.782115
2487 2630 2.82851
611 1096 0.68813
2945 3214 2.601163
2970 3030 2.252514
402 1105 0.673499
3241 3437 3.454659
2430 2537 2.190259
1573 1701 2.695525
2260 2269 2.443712
410 1315 0.669766
1628 1689 2.364345
883 1329 2.901671
2418 2738 4.683803
661 798 1.097421
1433 1495 3.695048
1063 2133 4.807137
3103 3438 2.857176
2540 2584 4.102101
3068 3152 4.304045
2364 2810 1.753204
361 1538 0.505021
2695 2869 3.511687
123 186 2.270128
2980 3401 1.289392
2259 2403 1.047193
1403 1500 0.877321
366 594 3.316144
1406 1505 0.646273
2444 2103 3.448824
399 1188 1.296967
729 1239 0.017821
161 308 0.589102
3623 3809 4.039772
2324 2472 3.894021
2999 3367 3.746496
2267 2349 0.778045
445 446 2.736077
3369 3437 4.66125
2441 2592 3.629758
697 700 4.397229
2999 3367 3.746496
2999 3241 0.789698
2945 3241 3.494865
2430 2630 3.027611
2980 3241 2.110358
361 1689 3.855795
2267 2869 2.867648
611 1096 0.68813
3068 3401 3.20253
1573 1628 4.135979
3068 3395 2.714222
2980 3401 1.289392
366 1329 0.020118
123 186 2.270128
2945 3437 3.457798
1500 1505 3.63872
123 186 2.270128
366 1689 2.379946
123 186 2.270128
3030 3369 0.28965
3029 3395 1.830886
446 700 0.604812
697 1226 3.782115
3407 3438 4.049386
3365 3437 4.487956
446 611 0.45235
1105 1226 0.301431
661 1096 2.504429
2695 2869 3.511687
3029 3423 3.10848
2260 2537 4.870864
3423 3438 3.436796
3197 3407 4.307368
611 1075 0.691261
2524 2592 1.0513
3029 3367 3.212791
2970 3241 4.735811
3103 3407 2.078823
1075 1096 0.301198
3241 3437 3.454659
2430 2630 3.027611
3365 3438 4.079635
3367 3401 4.254878
3029 3401 4.214678
3103 3241 0.82782
3365 3367 4.000038
3395 3407 4.141238
2970 3438 3.489415
3395 3437 4.697107
1573 1628 4.135979
1538 1628 3.419317
2945 3103 0.065654
2980 3367 1.608002
1075 1096 0.301198
3029 3423 3.10848
2260 2403 4.006429
616 1105 2.959616
2970 3407 0.655316
3241 3423 4.597453
402 1075 3.473407
3197 3401 0.753937
2349 2869 1.913305
3103 3197 1.581187
3030 3068 2.054814
3365 3367 4.000038
1933 1951 4.64912
3103 3152 1.645852
2540 2695 1.892812
1433 2151 1.595063
2103 2695 4.62187
3369 3407 0.779399
3369 3438 1.625114
3103 3437 3.266964
2151 1488 1.403719
729 1096 3.652227
2970 3407 0.655316
3197 3407 4.307368
2430 2537 2.190259
594 1227 2.535995
2980 3369 0.692945
3068 3197 2.522468
3103 3395 0.162858
2487 2537 4.016361
2133 1433 2.259709
3241 3423 4.597453
1096 1239 0.633567
1455 2151 4.939883
721 1315 1.945284
2349 2592 3.380962
2259 2537 0.845061
446 1105 1.492133
2595 2630 2.807576
3197 3365 1.396301
2133 2151 4.097258
361 883 3.081499
3029 3438 2.24262
2430 2472 1.577441
1063 1433 1.464008
3029 3369 2.372438
2970 3197 3.819255
2267 2349 0.778045
2999 3437 3.371168
2980 3241 2.110358
3241 3438 2.446507
3103 3152 1.645852
697 700 4.397229
410 1188 2.26266
3152 3365 2.474878
2980 3369 0.692945
616 661 3.905783
1433 1455 0.102899
3030 3068 2.054814
2999 3029 1.591101
2980 3407 4.737935
3029 3395 1.830886
3423 3438 3.436796
3241 3407 2.082624
1403 1406 4.635147
3369 3407 0.779399
2592 2810 2.804036
3030 3401 0.144795
2980 3438 3.929547
2260 2537 4.870864
3068 3423 4.124769
1933 1951 4.64912
2945 3437 3.457798
2999 3437 3.371168
2403 2487 2.170408
3029 3395 1.830886
2595 2630 2.807576
3401 3438 4.118277
3030 3407 0.699159
1403 1500 0.877321
2430 2537 2.190259
616 697 3.56808
2592 2810 2.804036
2999 3367 3.746496
3241 3401 0.005261
2945 3068 4.247279
2980 2999 3.002196
3437 3438 3.781163
3029 3395 1.830886
3197 3365 1.396301
361 1538 0.505021
697 1096 1.428948
1096 1105 0.694107
1573 1628 4.135979
1433 1455 0.102899
2980 3369 0.692945
1488 1495 1.715414
1628 1689 2.364345
1433 2151 1.595063
3401 3437 2.216286
445 446 2.736077
2945 3068 4.247279
2980 2999 3.002196
3030 3197 0.398085
1406 1505 0.646273
2999 3401 0.784388
2151 1488 1.403719
1063 1495 2.864097
2487 2630 2.82851
366 1329 0.020118
3029 3369 2.372438
863 1075 0.87131
3152 3241 2.230562
3407 3437 3.387818
3437 3438 3.781163
3030 3407 0.699159
446 1096 2.36423
1105 1226 0.301431
3029 3401 4.214678
2945 3103 0.065654
3197 3241 0.672379
1538 366 4.611051
402 1075 3.473407
361 1573 1.089105
1075 1096 0.301198
3152 3197 4.288615
3103 3197 1.581187
3152 3437 0.590661
3030 3401 0.144795
3068 3152 4.304045
3407 3438 4.049386
446 700 0.604812
402 700 3.787267
402 611 0.944111
2267 2349 0.778045
3241 3437 3.454659
883 1329 2.901671
3241 3437 3.454659
2980 3437 2.32367
402 1105 0.673499
2945 3407 0.529377
2970 3407 0.655316
2980 3030 4.590978
1096 1105 0.694107
361 883 3.081499
863 1226 4.630382
863 1075 0.87131
2267 2349 0.778045
697 729 0.560809
3152 3407 4.911631
2430 2537 2.190259
2970 3437 4.297227
3241 3437 3.454659
1096 1105 0.694107
1573 1628 4.135979
3365 3369 3.641113
402 1075 3.473407
2999 3197 3.527269
3029 3395 1.830886
2980 3407 4.737935
3068 3407 1.262091
2133 1495 4.149636
611 1096 0.68813
2970 3030 2.252514
697 729 0.560809
1075 1239 4.571227
2970 3197 3.819255
3365 3438 4.079635
3365 3423 4.360278
3241 3423 4.597453
402 1096 0.970232
3401 3423 2.425012
3103 3401 1.972817
361 1538 0.505021
3365 3401 3.188257
2413 2592 3.540474
2945 3365 3.540155
3030 3103 0.924391
2945 3407 0.529377
2364 2810 1.753204
3068 3152 4.304045
366 1227 2.9677
3103 3401 1.972817
3395 3437 4.697107
1573 1701 2.695525
2980 3029 3.241185
3369 3437 4.66125
3068 3152 4.304045
2970 3030 2.252514
3365 3369 3.641113
2349 2869 1.913305
2103 2695 4.62187
3068 3438 3.928113
2999 3365 1.545599
2413 2524 2.072031
3241 3365 0.583357
729 1096 3.652227
729 1239 0.017821
2260 2537 4.870864
611 697 0.200848
2980 3103 0.67517
2980 3152 2.456901
2413 2592 3.540474
3103 3437 3.266964
3623 3809 4.039772
399 1188 1.296967
3030 3197 0.398085
3214 3438 4.946577
3367 3407 2.309785
2980 3103 0.67517
3029 3068 0.686265
3401 3438 4.118277
3407 3437 3.387818
3068 3369 1.68601
2133 1495 4.149636
446 700 0.604812
616 697 3.56808
2980 3103 0.67517
3103 3407 2.078823
3395 3401 3.764688
611 697 0.200848
361 1329 2.018533
3197 3423 0.585146
3030 3068 2.054814
3407 3438 4.049386
3029 3068 0.686265
2349 2364 3.627091
3029 3407 2.066144
697 729 0.560809
616 661 3.905783
2945 3214 2.601163
3029 3197 2.093748
3197 3401 0.753937
3367 3423 0.308163
3029 3369 2.372438
3152 3407 4.911631
2413 2592 3.540474
2970 3407 0.655316
2133 1433 2.259709
3367 3395 2.709834
3197 3241 0.672379
1933 1951 4.64912
1573 1701 2.695525
402 1239 0.823124
2999 3365 1.545599
402 1096 0.970232
697 1096 1.428948
2403 2487 2.170408
2980 3197 1.690376
3241 3369 2.622847
2487 2537 4.016361
661 1096 2.504429
402 697 1.810483
3030 3068 2.054814
3068 3369 1.68601
2980 3365 0.372262
3152 3437 0.590661
2133 1488 1.731984
3241 3437 3.454659
700 863 4.318821
3423 3437 1.81076
2970 3103 4.403067
3214 3241 2.367233
3365 3407 3.450737
3241 3395 0.135882
1538 366 4.611051
1063 1488 0.45998
3197 3407 4.307368
2133 1495 4.149636
2595 2630 2.807576
3030 3438 2.859547
402 1096 0.970232
3407 3437 3.387818
3197 3365 1.396301
2945 3197 2.356359
410 1315 0.669766
446 697 4.510359
123 186 2.270128
2259 2269 1.522396
2487 2630 2.82851
3068 3407 1.262091
361 1329 2.018533
3367 3407 2.309785
3029 3395 1.830886
616 661 3.905783
2999 3437 3.371168
2999 3030 1.639412
402 1075 3.473407
3365 3437 4.487956
1063 1433 1.464008
1628 1689 2.364345
2999 3241 0.789698
3369 3407 0.779399
2999 3367 3.746496
3029 3407 2.066144
3103 3152 1.645852
3369 3401 1.542261
883 1329 2.901671
661 1226 0.593336
3437 3438 3.781163
2945 3367 4.385865
3395 3401 3.764688
2970 3437 4.297227
402 1105 0.673499
611 697 0.200848
410 1188 2.26266
3407 3423 3.508969
2980 3029 3.241185
1096 1105 0.694107
3214 3438 4.946577
3029 3367 3.212791
700 1075 2.014135
2970 3241 4.735811
2945 3241 3.494865
729 1096 3.652227
3407 3437 3.387818
2970 3241 4.735811
1105 1226 0.301431
2980 3030 4.590978
2487 2537 4.016361
2524 2592 1.0513
3152 3437 0.590661
361 1573 1.089105
2945 3214 2.601163
2945 3438 0.209658
2259 2537 0.845061
2970 3407 0.655316
402 661 0.70674
3068 3214 4.568914
361 1329 2.018533
2999 3197 3.527269
3029 3103 4.35613
2349 2592 3.380962
616 661 3.905783
729 1075 2.333912
1538 366 4.611051
2970 3103 4.403067
2133 1488 1.731984
402 446 0.00948
3103 3367 0.924152
1573 1628 4.135979
2945 3152 4.756868
2418 2738 4.683803
3030 3438 2.859547
3214 3438 4.946577
2259 2630 0.305665
3030 3407 0.699159
446 697 4.510359
2430 2630 3.027611
361 1573 1.089105
3241 3369 2.622847
1538 1573 0.302317
3068 3197 2.522468
402 611 0.944111
3623 3809 4.039772
2592 2810 2.804036
2259 2537 0.845061
1433 1455 0.102899
399 863 3.876792
2945 3367 4.385865
1628 1689 2.364345
2324 2441 0.749234
3241 3438 2.446507
863 1075 0.87131
1573 1628 4.135979
700 729 2.141131
2999 3029 1.591101
2259 2537 0.845061
2349 2592 3.380962
3369 3407 0.779399
2259 2269 1.522396
402 1075 3.473407
3030 3197 0.398085
2945 3401 4.395087
3365 3437 4.487956
3029 3423 3.10848
3029 3395 1.830886
661 798 1.097421
3152 3241 2.230562
661 798 1.097421
3029 3438 2.24262
3029 3369 2.372438
446 661 0.859995
1403 1505 2.828143
366 1329 0.020118
3103 3437 3.266964
3068 3369 1.68601
361 1538 0.505021
1455 1495 0.257777
3241 3365 0.583357
1538 1628 3.419317
1105 1226 0.301431
3365 3438 4.079635
3401 3423 2.425012
700 729 2.141131
1628 366 1.875718
3395 3437 4.697107
2945 3197 2.356359
729 1239 0.017821
2999 3401 0.784388
2980 3241 2.110358
402 700 3.787267
2945 3152 4.756868
366 1689 2.379946
700 1075 2.014135
3241 3423 4.597453
3029 3369 2.372438
863 1226 4.630382
2151 1488 1.403719
1063 2151 2.980595
3103 3197 1.581187
2980 2999 3.002196
2133 1455 2.481461
700 1075 2.014135
446 1096 2.36423
446 611 0.45235
3241 3438 2.446507
2980 2999 3.002196
2418 2738 4.683803
2980 3241 2.110358
1063 1433 1.464008
2980 3401 1.289392
2980 3029 3.241185
2133 1488 1.731984
3152 3365 2.474878
2133 1495 4.149636
2269 2403 3.942863
2260 2269 2.443712
3152 3437 0.590661
3241 3438 2.446507
2430 2487 3.09577
2259 2630 0.305665
2403 2537 2.080459
445 446 2.736077
3152 3407 4.911631
2259 2403 1.047193
446 1096 2.36423
2980 3438 3.929547
2133 2151 4.097258
697 1226 3.782115
2430 2537 2.190259
2133 1433 2.259709
3068 3197 2.522468
3367 3401 4.254878
1075 1096 0.301198
402 697 1.810483
3030 3369 0.28965
2403 2537 2.080459
729 1096 3.652227
2349 2364 3.627091
721 1315 1.945284
2980 3407 4.737935
2999 3029 1.591101
3407 3423 3.508969
3401 3423 2.425012
2403 2595 0.164725
3423 3438 3.436796
3214 3241 2.367233
402 798 1.911418
661 1226 0.593336
3068 3365 1.705881
1096 1239 0.633567
3030 3369 0.28965
446 616 0.469094
3197 3438 4.631993
2349 2364 3.627091
2403 2537 2.080459
3395 3437 4.697107
611 697 0.200848
3437 3438 3.781163
1573 1628 4.135979
3152 3365 2.474878
2269 2403 3.942863
2980 3365 0.372262
2970 3068 2.410299
2980 3029 3.241185
1403 1505 2.828143
3365 3367 4.000038
1075 1096 0.301198
3103 3423 0.3491
2999 3197 3.527269
3197 3365 1.396301
2945 3068 4.247279
3103 3407 2.078823
863 1075 0.87131
3029 3437 3.421624
1096 1239 0.633567
3068 3401 3.20253
3030 3369 0.28965
1573 1701 2.695525
1433 1495 3.695048
402 661 0.70674
2970 3197 3.819255
1063 1495 2.864097
3423 3438 3.436796
700 863 4.318821
3030 3401 0.144795
3241 3395 0.135882
2540 2695 1.892812
1063 1495 2.864097
661 1226 0.593336
3241 3395 0.135882
366 883 4.454302
616 661 3.905783
1455 1495 0.257777
3623 3809 4.039772
3369 3438 1.625114
2999 3214 3.402521
3068 3407 1.262091
1455 2151 4.939883
1455 3440 2.452231
2945 3214 2.601163
3241 3401 0.005261
594 1227 2.535995
2524 2592 1.0513
3030 3197 0.398085
700 1075 2.014135
3407 3438 4.049386
3197 3438 4.631993
3103 3365 4.921814
729 1239 0.017821
3152 3395 3.286138
2403 2537 2.080459
1075 1239 4.571227
402 798 1.911418
3365 3437 4.487956
1455 1488 4.680648
1455 1495 0.257777
3029 3423 3.10848
2945 3241 3.494865
2999 3437 3.371168
1433 1495 3.695048
3197 3438 4.631993
3068 3241 2.921602
2945 3437 3.457798
2980 2999 3.002196
2945 3103 0.065654
2999 3241 0.789698
3623 3809 4.039772
2980 3367 1.608002
3030 3437 0.668939
446 661 0.859995
3365 3423 4.360278
697 863 0.936162
3395 3407 4.141238
3367 3423 0.308163
1455 1495 0.257777
3030 3068 2.054814
1455 3440 2.452231
361 366 3.963988
2487 2537 4.016361
3241 3365 0.583357
2980 2999 3.002196
3241 3367 4.489059
3030 3437 0.668939
2259 2403 1.047193
446 616 0.469094
3029 3365 2.437271
361 1538 0.505021
2970 3030 2.252514
611 1075 0.691261
446 661 0.859995
2980 3197 1.690376
1096 1239 0.633567
3103 3423 0.3491
446 700 0.604812
3103 3241 0.82782
402 446 0.00948
2259 2487 2.859391
2980 3152 2.456901
3241 3369 2.622847
2403 2537 2.080459
2430 2472 1.577441
2487 2537 4.016361
123 186 2.270128
2472 2630 1.629298
2324 2441 0.749234
402 1075 3.473407
697 729 0.560809
2133 1455 2.481461
1500 1505 3.63872
2403 2537 2.080459
2980 3365 0.372262
3367 3438 1.170026
2349 2584 2.504102
3029 3103 4.35613
3395 3407 4.141238
3197 3423 0.585146
3241 3369 2.622847
402 661 0.70674
2540 2584 4.102101
697 1096 1.428948
661 798 1.097421
2324 2472 3.894021
399 863 3.876792
2349 2364 3.627091
3407 3423 3.508969
2441 2592 3.629758
2349 2364 3.627091
3030 3438 2.859547
410 1188 2.26266
3369 3438 1.625114
2403 2738 0.652896
2267 2349 0.778045
3197 3423 0.585146
3152 3437 0.590661
697 1226 3.782115
410 1188 2.26266
2970 3103 4.403067
2349 2584 2.504102
2584 2869 0.312442
2945 3369 3.231956
3423 3438 3.436796
2403 2595 0.164725
1573 366 0.93217
2267 2869 2.867648
2472 2630 1.629298
616 697 3.56808
3367 3401 4.254878
3369 3438 1.625114
1433 2151 1.595063
3437 3438 3.781163
2259 2630 0.305665
661 863 0.924496
402 446 0.00948
3068 3438 3.928113
2133 2151 4.097258
3103 3367 0.924152
3068 3401 3.20253
399 1188 1.296967
3029 3395 1.830886
2999 3367 3.746496
3241 3369 2.622847
3068 3437 4.043787
2324 2472 3.894021
3029 3401 4.214678
2945 3068 4.247279
3365 3423 4.360278
3365 3369 3.641113
3407 3437 3.387818
1500 1505 3.63872
697 1075 1.601564
402 661 0.70674
3365 3401 3.188257
2269 2403 3.942863
700 1075 2.014135
2980 3369 0.692945
697 700 4.397229
1063 1433 1.464008
2980 2999 3.002196
2980 3407 4.737935
3365 3369 3.641113
2403 2430 1.151767
2970 3407 0.655316
1628 1689 2.364345
1063 2151 2.980595
3152 3241 2.230562
3030 3103 0.924391
446 611 0.45235
863 1096 2.066541
1488 1495 1.715414
2472 2537 2.455691
2472 2537 2.455691
2970 3241 4.735811
2418 2738 4.683803
3068 3395 2.714222
2430 2472 1.577441
2999 3365 1.545599
3367 3401 4.254878
3401 3423 2.425012
2269 2403 3.942863
3365 3367 4.000038
1500 1505 3.63872
3241 3438 2.446507
2487 2630 2.82851
3030 3437 0.668939
3030 3407 0.699159
697 1075 1.601564
410 1315 0.669766
1433 1455 0.102899
361 1701 3.000429
361 1538 0.505021
2403 2487 2.170408
402 446 0.00948
3029 3437 3.421624
2349 2869 1.913305
3395 3407 4.141238
3068 3395 2.714222
3068 3437 4.043787
3367 3395 2.709834
1628 366 1.875718
402 700 3.787267
1538 1628 3.419317
3152 3437 0.590661
3365 3437 4.487956
2980 3365 0.372262
3214 3241 2.367233
161 308 0.589102
2980 3438 3.929547
1433 1455 0.102899
446 611 0.45235
2970 3241 4.735811
445 1105 2.323522
3367 3401 4.254878
2151 1488 1.403719
3029 3423 3.10848
3367 3423 0.308163
1063 1495 2.864097
3241 3423 4.597453
2267 2869 2.867648
3437 3438 3.781163
3030 3395 2.991633
3030 3197 0.398085
3152 3197 4.288615
700 863 4.318821
2349 2364 3.627091
361 883 3.081499
1075 1096 0.301198
1573 1628 4.135979
700 729 2.141131
2945 3214 2.601163
3029 3407 2.066144
3068 3197 2.522468
3197 3365 1.396301
3241 3401 0.005261
3369 3401 1.542261
3241 3369 2.622847
2945 3395 3.777866
611 697 0.200848
2133 2151 4.097258
2980 3369 0.692945
2260 2269 2.443712
2403 2487 2.170408
2980 3369 0.692945
3152 3395 3.286138
2403 2537 2.080459
3068 3369 1.68601
3068 3401 3.20253
729 1239 0.017821
3030 3437 0.668939
2349 2592 3.380962
366 1329 0.020118
1538 366 4.611051
3241 3423 4.597453
3030 3197 0.398085
1538 1628 3.419317
2430 2630 3.027611
2324 2472 3.894021
3241 3401 0.005261
366 1227 2.9677
2413 2524 2.072031
3030 3197 0.398085
3068 3367 0.736401
3365 3407 3.450737
2364 2810 1.753204
1063 1495 2.864097
2945 3103 0.065654
3152 3407 4.911631
3029 3438 2.24262
402 700 3.787267
3407 3437 3.387818
2980 3029 3.241185
402 1096 0.970232
3152 3395 3.286138
863 1075 0.87131
3103 3438 2.857176
2403 2487 2.170408
1433 1495 3.695048
2430 2472 1.577441
1538 1573 0.302317
