3178 3369 4.753868
1083 1192 2.187593
2571 2851 4.172109
2451 2539 3.403423
2783 2847 0.740174
670 1274 3.827191
505 833 1.296249
2136 2140 4.186382
3047 3084 4.71678
890 965 2.52417
2181 2853 2.367475
1758 1794 3.917098
1992 1998 4.033199
413 1373 0.318686
969 1021 3.802979
2948 3298 1.425681
1579 1608 0.706625
3133 3252 3.000467
3030 3455 4.002658
646 1320 3.173632
3134 3211 1.369481
3104 3150 4.046278
3682 3900 2.67381
2428 2870 0.103837
455 567 2.975501
1619 1683 2.174358
808 1369 3.262633
439 1148 4.352198
2984 3295 3.628893
2137 2209 4.119973
758 1373 3.592183
2064 2235 3.13226
729 1253 2.765636
2993 3237 0.371801
1010 1289 1.806301
2132 3407 3.09545
965 1275 2.369953
2258 2263 3.125207
1424 1496 4.259283
2539 2579 4.327387
479 1349 2.013815
3246 2219 3.169976
645 824 0.176926
2194 2210 1.253527
3030 3358 1.739744
1440 1472 4.626149
2673 2733 0.99305
980 997 2.097689
1462 2158 0.950789
2656 2933 1.645539
837 1008 1.94176
1546 1625 4.734749
2263 2870 0.274141
2673 2733 0.99305
3150 3407 2.055933
837 1148 1.290681
2993 3369 0.470865
479 1253 1.163036
3133 3252 3.000467
3369 3407 0.779399
1008 1289 2.014688
3237 3407 3.209089
2209 2210 1.449218
1253 1289 3.058628
2194 1462 4.35153
969 1320 0.714684
2263 2870 0.274141
2210 1496 0.049998
2137 1462 1.935697
2656 2933 1.645539
439 479 4.807792
1148 1192 1.541873
3178 3407 0.781029
670 1083 3.43916
2993 3455 4.478085
2140 2209 1.66951
3104 3295 4.40221
2984 3030 1.741506
1083 1373 2.7257
2984 3237 0.504317
3150 2158 1.860088
1424 1462 1.12543
1608 1619 3.735158
670 1083 3.43916
729 1008 4.914841
2132 3407 3.09545
1424 2210 3.994762
758 1148 0.04658
2258 2428 2.519684
2993 3047 1.580699
2984 3084 0.093924
479 1008 3.179513
2194 1424 0.445393
1083 1192 2.187593
2258 2579 4.234402
439 479 4.807792
3104 3369 3.451159
646 1021 2.890157
1148 1349 3.119666
1320 1349 3.337438
1546 1625 4.734749
3134 3211 1.369481
3047 3252 0.589072
3133 3455 0.988944
2984 3104 1.988664
3030 3252 0.372299
479 670 0.952
2984 3084 0.093924
1424 2210 3.994762
670 837 3.140304
1462 2158 0.950789
479 1021 0.981312
2993 3237 0.371801
3150 2158 1.860088
2136 2209 3.10799
2132 3407 3.09545
670 1008 4.20001
3047 3295 0.12814
1289 1320 2.084128
1021 1289 0.64124
1462 1496 4.975296
980 997 2.097689
3084 3104 0.226638
2993 3047 1.580699
729 1008 4.914841
3047 3407 1.790847
1008 1289 2.014688
1008 1349 3.839425
1253 1349 3.479335
1192 1373 4.001117
2209 1472 4.176953
729 837 2.862218
3084 3407 2.321064
479 1320 1.798348
3682 3900 2.67381
3084 3407 2.321064
1462 1472 2.790632
3047 3178 2.524282
1148 1373 0.438735
837 1349 2.497353
413 1320 0.605299
1192 1289 0.388526
758 1148 0.04658
2258 2263 3.125207
3047 3455 4.626723
969 1253 0.067741
965 1369 2.92102
1192 1253 3.429709
1462 1472 2.790632
479 1373 2.144318
1546 1625 4.734749
1083 1289 4.883983
646 1192 2.680217
439 1373 2.502727
1546 1625 4.734749
1253 1349 3.479335
2209 1496 1.256788
1008 1289 2.014688
3252 3358 0.223807
1148 1373 0.438735
3150 3455 1.521877
965 1369 2.92102
2993 3150 3.041259
837 1373 1.256504
3047 3295 0.12814
2194 2210 1.253527
670 1320 2.989436
3084 3252 0.063302
670 1320 2.989436
439 479 4.807792
2984 3369 4.935759
2136 2209 3.10799
646 969 1.302488
3084 3237 4.226836
1008 1289 2.014688
837 1008 1.94176
2993 3252 4.017683
3133 3252 3.000467
2194 1496 0.454207
2209 1472 4.176953
3084 3369 2.368974
2137 2140 0.926108
2137 2209 4.119973
3047 3252 0.589072
2137 1440 0.459516
3030 3358 1.739744
1579 1608 0.706625
1192 1253 3.429709
1021 1320 0.004813
646 1148 4.047855
3252 3455 0.410072
3295 3407 3.637804
2210 1496 0.049998
439 1148 4.352198
439 1148 4.352198
3084 3237 4.226836
479 1021 0.981312
3150 3252 2.989359
2993 3358 4.570335
479 1253 1.163036
439 729 4.965935
1083 1192 2.187593
670 1148 2.519654
3252 3295 3.488074
3084 3133 4.571498
439 1289 4.40681
3030 3237 4.565355
3178 3252 2.597555
2539 2579 4.327387
837 1192 4.475413
2181 2853 2.367475
505 1369 4.573944
670 1008 4.20001
969 1373 0.791256
1440 1496 3.74526
3047 3407 1.790847
1253 1289 3.058628
1253 1289 3.058628
645 824 0.176926
3084 3407 2.321064
1148 1274 1.831878
2194 1462 4.35153
439 1253 3.171396
1274 1373 4.016452
3030 2132 4.87399
670 837 3.140304
479 1253 1.163036
3150 2158 1.860088
1424 2209 2.292067
2984 3030 1.741506
2571 2851 4.172109
1440 1462 2.53278
965 1369 2.92102
2136 1462 0.842809
3104 3407 3.809812
1349 1373 2.654349
758 1148 0.04658
3237 3252 1.3885
3133 3252 3.000467
3030 3455 4.002658
670 1010 2.7544
1148 1349 3.119666
1192 1349 0.153835
758 1320 1.049562
3134 3211 1.369481
3030 3252 0.372299
2984 3358 2.525383
3133 3407 3.17362
1274 1289 4.878828
1424 1496 4.259283
3047 3237 1.939755
3030 3252 0.372299
1148 1373 0.438735
3133 3295 1.010153
645 824 0.176926
2137 1462 1.935697
3246 2219 3.169976
729 1320 4.462527
2451 2870 2.750405
2132 1424 4.43637
1320 1373 2.439893
3133 3178 1.633266
969 1373 0.791256
2181 2853 2.367475
3084 3237 4.226836
439 1192 4.764692
645 824 0.176926
1320 1349 3.337438
758 1320 1.049562
3030 3455 4.002658
439 1253 3.171396
479 1008 3.179513
1148 1192 1.541873
3030 3237 4.565355
1546 1608 2.925551
837 1192 4.475413
1462 1472 2.790632
2194 1472 2.201669
645 824 0.176926
1546 1608 2.925551
758 1148 0.04658
1253 1373 3.37145
3084 3407 2.321064
3047 3133 4.31278
1008 1373 4.478793
2137 1440 0.459516
3047 3252 0.589072
3047 3407 1.790847
479 1148 4.147849
1758 1794 3.917098
2136 1472 1.555395
980 997 2.097689
3084 3252 0.063302
1424 1496 4.259283
1424 1462 1.12543
1546 1625 4.734749
758 1373 3.592183
2993 3295 3.351576
3030 3084 0.501608
1253 1349 3.479335
413 729 3.717573
2258 2579 4.234402
2209 1472 4.176953
2993 3150 3.041259
3237 3252 1.3885
3295 3407 3.637804
808 833 4.851631
2993 3407 3.511546
3030 3178 3.977955
3358 3407 0.1474
3150 3455 1.521877
729 1320 4.462527
1253 1320 2.753145
670 1008 4.20001
3178 3237 3.432548
2993 3084 4.3538
479 1021 0.981312
1192 1253 3.429709
1253 1349 3.479335
837 1192 4.475413
3047 3358 2.914117
2194 1472 2.201669
3178 3369 4.753868
2209 1496 1.256788
3047 3237 1.939755
2194 1424 0.445393
729 1253 2.765636
2993 3133 4.947227
2984 3407 0.798612
837 1192 4.475413
1424 1472 0.389941
2993 3084 4.3538
729 969 1.955224
1148 1320 3.553783
3084 3252 0.063302
969 1192 1.56612
670 1008 4.20001
3246 2219 3.169976
439 1192 4.764692
3150 3455 1.521877
1008 1373 4.478793
1253 1349 3.479335
729 837 2.862218
980 997 2.097689
3133 3150 4.732108
1083 1192 2.187593
837 1008 1.94176
1440 2158 2.735929
1083 1373 2.7257
3104 3369 3.451159
3358 3455 3.221372
3252 3407 3.057348
2132 1440 4.191395
3682 3900 2.67381
1320 1373 2.439893
1008 1253 1.70204
1440 2140 0.325772
670 1008 4.20001
3369 3407 0.779399
2140 1462 3.762919
1010 1373 2.776486
2539 2579 4.327387
670 1192 3.692013
2140 1462 3.762919
1148 1349 3.119666
3047 3237 1.939755
3178 3252 2.597555
1424 1462 1.12543
439 729 4.965935
2209 1472 4.176953
413 1320 0.605299
2993 3295 3.351576
1440 1462 2.53278
965 1369 2.92102
3047 3084 4.71678
1440 1472 4.626149
1424 2140 2.630391
837 1349 2.497353
2984 3407 0.798612
2993 3295 3.351576
1424 1440 0.599438
1021 1253 4.131621
505 1369 4.573944
2948 3298 1.425681
3133 3295 1.010153
3030 3150 2.310846
2258 2263 3.125207
646 1021 2.890157
3295 3358 3.977498
3237 3455 1.361842
3358 3455 3.221372
3150 3455 1.521877
2993 3295 3.351576
2137 1462 1.935697
2136 1462 0.842809
3252 3407 3.057348
3150 2158 1.860088
670 1274 3.827191
2137 2140 0.926108
3104 3178 4.494136
3030 3358 1.739744
3252 3295 3.488074
729 969 1.955224
1148 1320 3.553783
479 1253 1.163036
3030 3150 2.310846
670 1373 2.032405
479 1289 2.033886
479 1148 4.147849
1289 1373 2.191565
1008 1349 3.839425
758 1148 0.04658
2137 2140 0.926108
413 1373 0.318686
758 1148 0.04658
2993 3030 4.116677
2984 3084 0.093924
2210 2219 1.921832
3295 3358 3.977498
2209 2210 1.449218
2140 1462 3.762919
729 1289 2.999328
1192 1349 0.153835
969 1320 0.714684
2194 1440 2.337003
3369 3407 0.779399
3178 3407 0.781029
2993 3358 4.570335
1424 2158 3.239605
3369 3407 0.779399
1424 1440 0.599438
3084 3178 3.429826
2181 2853 2.367475
729 837 2.862218
3104 3369 3.451159
965 1369 2.92102
3084 3295 2.833294
808 965 3.088302
3150 3178 2.390292
2783 2847 0.740174
2993 3178 3.274529
670 1010 2.7544
2984 3084 0.093924
3178 3252 2.597555
413 479 3.285057
808 890 0.080598
758 1148 0.04658
3295 3407 3.637804
439 646 1.973157
3104 3133 0.279564
479 1320 1.798348
3358 3455 3.221372
3030 3407 0.699159
670 1148 2.519654
3133 3455 0.988944
670 1274 3.827191
3047 3084 4.71678
3084 3295 2.833294
2984 2993 4.855266
2136 2140 4.186382
2984 3455 2.847845
2263 2579 4.02667
3295 3455 1.852229
3084 3252 0.063302
505 833 1.296249
1462 1496 4.975296
2993 3407 3.511546
837 1373 1.256504
1579 1608 0.706625
670 1192 3.692013
1274 1373 4.016452
2428 2870 0.103837
3178 3407 0.781029
3104 3295 4.40221
3104 3133 0.279564
2984 2993 4.855266
3295 3407 3.637804
3084 3252 0.063302
2140 1472 2.976402
670 1192 3.692013
1320 1349 3.337438
2539 2579 4.327387
1440 1496 3.74526
479 1373 2.144318
3104 3150 4.046278
439 1192 4.764692
3084 3369 2.368974
646 1373 3.031363
729 969 1.955224
2209 1472 4.176953
413 729 3.717573
505 1369 4.573944
965 1275 2.369953
2993 3104 1.307242
505 833 1.296249
3407 3455 1.406242
2136 2137 1.606385
479 729 4.190044
1274 1373 4.016452
3104 3407 3.809812
808 833 4.851631
969 1320 0.714684
3047 3252 0.589072
758 1320 1.049562
646 1148 4.047855
1274 1289 4.878828
439 969 3.454982
2210 2219 1.921832
2984 3252 2.134529
439 646 1.973157
2140 2209 1.66951
1424 2158 3.239605
1440 1472 4.626149
3369 3407 0.779399
2136 2158 0.569796
969 1192 1.56612
3084 3252 0.063302
3084 3104 0.226638
1424 2210 3.994762
2993 3047 1.580699
3030 3178 3.977955
2993 3407 3.511546
1148 1253 0.944884
1440 1496 3.74526
2993 3237 0.371801
3030 3252 0.372299
729 1148 3.869921
479 1373 2.144318
1440 1462 2.53278
3047 3133 4.31278
670 1083 3.43916
646 969 1.302488
3178 3455 1.108727
1274 1373 4.016452
2993 3237 0.371801
479 1289 2.033886
1758 1794 3.917098
3084 3178 3.429826
1148 1192 1.541873
413 479 3.285057
3030 2132 4.87399
1083 1192 2.187593
3295 3358 3.977498
729 1289 2.999328
837 1349 2.497353
2194 1496 0.454207
2993 3369 0.470865
1021 1253 4.131621
439 969 3.454982
3133 3295 1.010153
479 670 0.952
2137 2209 4.119973
2783 2847 0.740174
808 833 4.851631
479 729 4.190044
3030 3133 4.661605
729 1289 2.999328
3084 3407 2.321064
2984 3252 2.134529
413 1253 3.75241
479 1373 2.144318
837 1008 1.94176
413 729 3.717573
670 1010 2.7544
3178 3358 3.555023
2984 3178 2.745255
646 1253 1.072621
1320 1349 3.337438
439 1253 3.171396
2984 3369 4.935759
3047 3358 2.914117
1021 1289 0.64124
2948 3298 1.425681
413 1373 0.318686
479 1349 2.013815
2783 2847 0.740174
646 1192 2.680217
1289 1320 2.084128
3030 3358 1.739744
2210 2219 1.921832
2137 2140 0.926108
439 1289 4.40681
2209 1472 4.176953
3178 3358 3.555023
3369 3407 0.779399
729 1320 4.462527
646 969 1.302488
1192 1253 3.429709
3246 2219 3.169976
3150 3178 2.390292
1462 2158 0.950789
439 1373 2.502727
2136 2140 4.186382
1424 2140 2.630391
1008 1289 2.014688
1008 1253 1.70204
965 1369 2.92102
1010 1373 2.776486
1462 1472 2.790632
2571 2851 4.172109
3178 3358 3.555023
1424 2210 3.994762
1148 1274 1.831878
3133 3455 0.988944
2137 2140 0.926108
729 1373 0.583244
3047 3295 0.12814
1274 1289 4.878828
3178 3455 1.108727
808 833 4.851631
1440 1472 4.626149
3084 3133 4.571498
1253 1349 3.479335
1008 1349 3.839425
3178 3295 1.31172
758 1320 1.049562
3104 3252 3.588332
1008 1373 4.478793
479 1289 2.033886
1021 1289 0.64124
2993 3047 1.580699
2984 3252 2.134529
505 965 4.005705
969 1253 0.067741
2984 3104 1.988664
837 1349 2.497353
890 965 2.52417
479 1320 1.798348
2993 3150 3.041259
2984 3295 3.628893
3252 3358 0.223807
2263 2451 1.784665
965 1275 2.369953
2451 2539 3.403423
2194 1472 2.201669
1440 2209 1.338539
2181 2853 2.367475
3252 3407 3.057348
729 1253 2.765636
1192 1274 2.660148
1253 1349 3.479335
837 1373 1.256504
3047 3407 1.790847
1320 1349 3.337438
3084 3252 0.063302
2132 3407 3.09545
1192 1349 0.153835
2258 2263 3.125207
2984 2993 4.855266
2993 3369 0.470865
2136 1462 0.842809
1253 1373 3.37145
1008 1289 2.014688
2140 2209 1.66951
2451 2539 3.403423
3237 3407 3.209089
3295 3407 3.637804
1579 1608 0.706625
2993 3133 4.947227
1424 2210 3.994762
2993 3358 4.570335
2984 3407 0.798612
3237 3455 1.361842
1289 1373 2.191565
2993 3178 3.274529
1546 1625 4.734749
2984 3133 0.352007
2209 2210 1.449218
479 670 0.952
1148 1274 1.831878
645 824 0.176926
1462 2158 0.950789
3133 3150 4.732108
2656 2933 1.645539
439 969 3.454982
2984 3237 0.504317
3134 3211 1.369481
3030 3252 0.372299
2984 3237 0.504317
808 833 4.851631
2209 1472 4.176953
439 1192 4.764692
1440 2210 1.829447
479 1083 3.484028
2984 3104 1.988664
3252 3358 0.223807
2258 2579 4.234402
3047 3358 2.914117
3030 3084 0.501608
3178 3407 0.781029
646 1253 1.072621
2783 2847 0.740174
3030 3407 0.699159
3237 3369 3.585222
2194 1496 0.454207
413 1320 0.605299
670 1320 2.989436
729 1373 0.583244
413 479 3.285057
808 890 0.080598
808 965 3.088302
1008 1373 4.478793
645 824 0.176926
439 1373 2.502727
1320 1349 3.337438
1148 1373 0.438735
670 1320 2.989436
3047 3133 4.31278
3047 3455 4.626723
2194 2210 1.253527
1148 1349 3.119666
3682 3900 2.67381
670 1008 4.20001
646 1192 2.680217
3030 3252 0.372299
1148 1289 0.91124
3084 3369 2.368974
2137 1462 1.935697
2263 2579 4.02667
3134 3211 1.369481
2428 2870 0.103837
837 1148 1.290681
3030 3358 1.739744
3047 3295 0.12814
2984 3252 2.134529
3084 3252 0.063302
3084 3104 0.226638
1192 1373 4.001117
1274 1373 4.016452
2984 3407 0.798612
833 965 2.540806
3150 3178 2.390292
3178 3295 1.31172
1424 1462 1.12543
2136 2209 3.10799
1148 1289 0.91124
670 1008 4.20001
2993 3237 0.371801
3030 3178 3.977955
3178 3237 3.432548
3084 3407 2.321064
1320 1349 3.337438
2783 2847 0.740174
3030 3295 2.228058
505 808 2.039534
479 1253 1.163036
3084 3295 2.833294
2194 2209 3.164436
2263 2451 1.784665
2451 2870 2.750405
3047 3252 0.589072
1008 1320 4.162812
1289 1320 2.084128
3084 3252 0.063302
3104 3237 2.733699
3252 3407 3.057348
969 1083 3.430902
808 965 3.088302
3047 3178 2.524282
2984 3407 0.798612
1424 1496 4.259283
2258 2263 3.125207
2984 3030 1.741506
1424 2210 3.994762
3030 3369 0.28965
3104 3295 4.40221
1424 2158 3.239605
3295 3455 1.852229
670 1373 2.032405
2263 2451 1.784665
808 965 3.088302
3252 3407 3.057348
3084 3237 4.226836
646 1320 3.173632
2136 2137 1.606385
479 670 0.952
2984 3084 0.093924
1008 1253 1.70204
3104 3150 4.046278
3047 3407 1.790847
646 1289 2.079098
670 1148 2.519654
729 969 1.955224
837 1192 4.475413
1424 2210 3.994762
1192 1274 2.660148
2137 2209 4.119973
1010 1289 1.806301
1608 1619 3.735158
2993 3133 4.947227
3084 3237 4.226836
3252 3407 3.057348
479 1008 3.179513
3295 3455 1.852229
3030 3358 1.739744
2258 2263 3.125207
2136 1472 1.555395
3030 3358 1.739744
969 1320 0.714684
1424 1440 0.599438
646 969 1.302488
479 1253 1.163036
3150 2158 1.860088
2984 3030 1.741506
2263 2451 1.784665
2132 1440 4.191395
1192 1289 0.388526
1608 1619 3.735158
1579 1608 0.706625
2993 3369 0.470865
729 969 1.955224
3133 3407 3.17362
646 1192 2.680217
2539 2579 4.327387
413 729 3.717573
2993 3030 4.116677
479 1021 0.981312
3030 3150 2.310846
1424 1472 0.389941
2132 3407 3.09545
2993 3369 0.470865
3030 3178 3.977955
1424 2137 3.431979
646 1021 2.890157
3030 3369 0.28965
670 1148 2.519654
837 1148 1.290681
413 1373 0.318686
1440 2210 1.829447
479 1083 3.484028
3030 3295 2.228058
2984 3455 2.847845
3030 2132 4.87399
837 1148 1.290681
729 1253 2.765636
3134 3211 1.369481
808 833 4.851631
729 1289 2.999328
1462 1496 4.975296
3104 3295 4.40221
3295 3407 3.637804
1608 1619 3.735158
2993 3455 4.478085
1440 2210 1.829447
2140 2209 1.66951
2132 2158 4.804324
837 1373 1.256504
3178 3252 2.597555
439 1373 2.502727
2210 1496 0.049998
2993 3237 0.371801
439 1253 3.171396
3178 3237 3.432548
837 1008 1.94176
2993 3295 3.351576
3104 3150 4.046278
2194 1440 2.337003
3358 3407 0.1474
3084 3369 2.368974
1424 2136 4.456771
3084 3178 3.429826
2984 3133 0.352007
2258 2263 3.125207
1021 1289 0.64124
439 1253 3.171396
3047 3295 0.12814
1349 1373 2.654349
808 890 0.080598
670 1010 2.7544
3134 3211 1.369481
758 1320 1.049562
1008 1349 3.839425
1008 1289 2.014688
646 969 1.302488
1320 1373 2.439893
670 837 3.140304
1472 1496 2.824633
2984 3030 1.741506
729 1148 3.869921
3133 3358 2.732772
2064 2235 3.13226
3084 3178 3.429826
2993 3252 4.017683
670 1320 2.989436
1021 1320 0.004813
479 1349 2.013815
2258 2263 3.125207
3150 2158 1.860088
1608 1625 4.63281
1289 1320 2.084128
439 969 3.454982
3134 3211 1.369481
1148 1274 1.831878
2136 2137 1.606385
3295 3455 1.852229
2194 1462 4.35153
646 1373 3.031363
2984 3455 2.847845
2194 1496 0.454207
3237 3455 1.361842
645 824 0.176926
3030 3178 3.977955
479 1373 2.144318
1440 1472 4.626149
2984 3252 2.134529
2993 3295 3.351576
2984 3369 4.935759
3358 3455 3.221372
3030 3178 3.977955
3047 3358 2.914117
3295 3358 3.977498
1274 1289 4.878828
3047 3407 1.790847
3150 2158 1.860088
1546 1625 4.734749
2209 1462 3.148802
1083 1289 4.883983
479 1289 2.033886
2571 2851 4.172109
479 1320 1.798348
2258 2428 2.519684
479 1021 0.981312
837 1373 1.256504
479 729 4.190044
1608 1625 4.63281
729 837 2.862218
1424 1462 1.12543
2210 1496 0.049998
1148 1320 3.553783
670 1373 2.032405
479 1289 2.033886
2136 2140 4.186382
505 1369 4.573944
2993 3084 4.3538
1320 1373 2.439893
646 1192 2.680217
1424 1472 0.389941
413 1253 3.75241
729 969 1.955224
2210 2219 1.921832
3030 3133 4.661605
439 1192 4.764692
1579 1608 0.706625
2993 3030 4.116677
3047 3252 0.589072
439 1373 2.502727
1440 2210 1.829447
1472 1496 2.824633
413 729 3.717573
439 1373 2.502727
646 1192 2.680217
2194 1424 0.445393
3030 3150 2.310846
969 1192 1.56612
3134 3211 1.369481
808 965 3.088302
3133 3150 4.732108
2984 3133 0.352007
3104 3133 0.279564
758 1373 3.592183
729 1320 4.462527
1424 2137 3.431979
2984 3133 0.352007
2984 3237 0.504317
2984 2993 4.855266
2984 3178 2.745255
2140 1472 2.976402
2451 2539 3.403423
1472 1496 2.824633
965 1369 2.92102
1148 1349 3.119666
1440 2210 1.829447
2209 1462 3.148802
969 1320 0.714684
3178 3407 0.781029
