908 1177 3.318682
3809 3908 1.174929
2202 1469 3.76966
3146 3290 3.622414
885 1090 3.941183
3485 3575 2.768061
2295 2907 0.616731
3023 3319 3.897467
352 3360 3.181002
438 1083 2.447251
3135 3165 3.092525
2970 3462 0.843897
3023 3284 0.165342
3176 3230 3.334096
1018 1295 0.02959
427 898 3.063918
376 1223 1.303494
2427 2553 3.150974
2962 3101 1.366356
1075 1242 3.613643
2608 2839 3.051461
804 1131 4.338821
2475 2892 3.909931
3338 3389 3.327017
2217 1466 1.372264
2966 3283 3.433254
3044 3221 3.62636
1443 3183 3.34639
1644 370 0.912192
763 948 1.811972
3063 3423 1.494544
3237 3455 1.361842
2993 3051 3.751073
3178 3197 3.484124
713 1122 3.08021
3328 3347 4.212188
948 961 4.927361
1009 1285 4.455047
3084 3353 3.905632
1851 1998 4.962918
1647 372 2.071165
3250 3270 0.057864
1654 1686 1.252325
3031 3465 0.663415
433 1235 4.457535
2117 2237 0.501219
838 1130 3.393942
481 946 4.89699
1821 2055 3.822342
3096 3433 3.314588
352 3316 3.882746
667 1285 1.343211
2993 3353 2.431104
2202 1443 1.052231
1130 1235 2.921499
352 2966 3.26266
3044 3096 2.701317
2993 3455 4.478085
2966 3353 4.294444
352 3319 4.658622
3135 3178 3.253548
2993 3283 0.826476
667 1130 0.612081
3146 3165 1.603526
3270 3338 2.204151
1009 1285 4.455047
3044 3096 2.701317
2993 3178 3.274529
2962 3178 4.723135
352 3465 0.251241
3146 3178 4.323316
667 1235 3.246408
3165 3221 1.071252
3101 3290 3.062664
3178 3462 3.598049
885 1235 2.748619
3146 3338 1.197474
3178 3290 3.452311
3051 3221 2.492333
352 3197 3.118226
352 3197 3.118226
1466 3284 1.198534
713 961 4.913876
3063 3101 1.282733
3084 3290 0.127496
352 3197 3.118226
3165 3455 3.086518
352 3250 0.220028
1075 1295 0.28438
2966 3433 0.287862
3165 3178 0.322336
3063 3135 3.882329
3051 3290 0.417919
2993 3433 4.791248
3338 3462 3.665511
3051 3338 2.031207
1075 1295 0.28438
481 946 4.89699
667 885 4.779012
1009 1018 1.712153
438 1083 2.447251
2966 3283 3.433254
885 1018 4.432847
3197 3423 0.585146
3197 3290 2.285604
1009 1285 4.455047
3023 3230 0.101532
3178 3360 4.27667
2962 3328 0.196099
885 1075 4.044585
2962 3455 3.979407
838 1130 3.393942
3101 3338 2.091876
352 3197 3.118226
2962 3146 3.642635
3135 3250 2.16453
3178 3237 3.432548
2962 3353 4.563651
948 1122 2.578002
3360 3423 4.375349
3178 3270 1.997438
370 372 1.994116
885 1295 1.917329
2993 3290 0.584013
763 961 3.818813
3101 3462 1.442284
1018 1285 3.922475
433 1090 0.497513
3096 3338 4.179863
370 376 4.690955
3146 3290 3.622414
352 3101 4.8583
3178 3360 4.27667
838 1130 3.393942
3197 3455 4.654739
3023 1443 0.504858
3270 3338 2.204151
1075 1285 0.613029
3135 3283 2.177618
2966 2970 0.029791
1466 3319 0.582506
2962 3146 3.642635
1647 372 2.071165
3135 3290 4.2307
1083 1130 1.256976
1075 1235 1.586042
3051 3462 1.226848
1083 1285 0.085969
2962 3389 4.963741
3096 3221 4.760916
3146 3423 3.324163
3044 3250 3.421283
3165 3319 4.773637
3063 3197 0.155451
3063 3101 1.282733
2962 3328 0.196099
3101 3328 0.935749
3044 3338 0.848249
3044 3283 1.299662
376 1177 0.964548
3023 3284 0.165342
2966 3063 3.58224
3101 3353 2.153895
1654 1686 1.252325
3165 3360 0.966907
3044 3290 3.4274
352 3176 2.717153
3023 3230 0.101532
3044 3165 4.112021
3101 3270 2.085786
3051 3270 1.916177
3197 3221 2.570851
370 372 1.994116
3051 3283 0.127353
438 1242 0.384674
3197 3250 3.031107
3283 3338 1.097693
352 3423 3.647327
3221 3290 4.2223
3084 3146 4.109837
2962 3338 2.587739
3096 3101 3.033437
3284 3316 2.283217
3283 3360 0.265946
713 763 1.338823
3096 3290 0.206574
481 838 1.606618
3063 3290 1.106832
3051 3338 2.031207
3360 3455 4.000019
3051 3096 3.599095
3101 3462 1.442284
3250 3283 0.399821
3197 3237 1.826368
3051 3135 3.544799
1644 1686 1.210569
3135 3360 2.315356
3096 3197 4.810427
352 3328 1.435328
1466 3284 1.198534
3044 3197 1.198741
3096 3270 0.256132
3135 3283 2.177618
3165 3283 0.002748
3044 3360 2.8365
667 1018 2.376168
3165 3423 4.81262
3178 3237 3.432548
352 2970 1.269027
1443 1466 1.386935
3084 3096 2.815237
3135 3455 3.564822
3135 3360 2.315356
3084 3096 2.815237
838 1090 0.643988
3178 3237 3.432548
838 1242 3.569655
370 372 1.994116
885 1083 2.348106
3165 3197 3.147347
3044 3423 1.209377
3165 3389 1.029466
1644 1686 1.210569
2993 3237 0.371801
3353 3433 3.517755
2970 3135 3.742437
3023 3284 0.165342
3197 3237 1.826368
3146 3165 1.603526
352 3023 3.13314
1018 1090 3.398183
3096 3197 4.810427
2427 2553 3.150974
427 763 1.026295
763 1122 4.502611
2966 3455 3.432009
352 3347 4.87343
2993 3338 3.713959
1018 1083 0.359279
1075 1295 0.28438
352 3462 4.071156
2966 3455 3.432009
481 838 1.606618
3063 3462 2.985416
3135 3165 3.092525
3270 3353 4.619607
3063 3270 1.384957
3051 3389 3.786474
3221 3338 0.671449
3044 3250 3.421283
3165 3237 4.853993
2962 3347 2.614698
3146 3423 3.324163
3284 3319 4.030271
2993 3051 3.751073
2962 3165 0.664748
3178 3283 3.893821
3101 3455 1.117534
3135 3347 0.53439
3084 3146 4.109837
2962 3433 4.815603
3084 3270 1.72652
2962 3044 0.923158
1018 1083 0.359279
1075 1083 4.42564
2993 3270 0.690373
3221 3360 1.97449
961 1122 3.530289
3084 3462 0.349278
372 1177 2.247452
3096 3283 1.733219
3051 3389 3.786474
3135 3347 0.53439
2962 3353 4.563651
3146 3237 3.976409
352 3197 3.118226
3146 3178 4.323316
2966 3096 4.879792
2962 3360 1.537925
352 3290 2.319302
3221 3360 1.97449
3084 3101 1.746851
427 763 1.026295
3197 3455 4.654739
804 1131 4.338821
838 1130 3.393942
3423 3433 3.067282
352 3462 4.071156
1018 1083 0.359279
3165 3290 1.183914
2966 3084 2.004093
3044 3462 4.120417
1851 1998 4.962918
352 3063 0.079724
3270 3283 1.411822
3197 3455 4.654739
433 1075 0.530853
838 1009 1.784158
2966 3084 2.004093
3146 3353 3.797313
3423 3462 3.648242
2962 2970 1.354397
352 3347 4.87343
2993 3360 3.61695
438 885 0.872664
3165 3347 0.415866
948 961 4.927361
3221 3250 2.677581
2962 3051 3.187056
2966 3197 1.711385
2970 3146 0.131781
3353 3433 3.517755
3146 3353 3.797313
1443 3183 3.34639
2962 3433 4.815603
3353 3433 3.517755
2970 3283 1.197894
3044 3051 3.410039
3044 3197 1.198741
3221 3347 4.183547
2966 3135 3.854517
2962 3135 1.788417
370 1177 4.103718
2962 2966 2.732573
3031 3465 0.663415
2962 3237 0.405427
433 838 1.938162
3290 3433 3.957574
2966 3084 2.004093
427 948 3.109552
352 3063 0.079724
3063 3250 3.12414
3044 3462 4.120417
3270 3389 0.292428
3165 3270 1.973618
3135 3423 1.308844
2962 3165 0.664748
3165 3389 1.029466
3051 3433 3.780477
3101 3433 0.079636
2993 3051 3.751073
2993 3433 4.791248
3101 3347 3.164968
1075 1090 1.054781
3283 3360 0.265946
3197 3270 1.08666
1130 1285 0.604766
352 3319 4.658622
3096 3360 3.042844
2962 2966 2.732573
2966 3051 1.064251
3051 3165 0.365629
1443 1466 1.386935
2966 3165 2.853389
438 1295 1.017421
3096 3165 2.003594
2993 3221 1.470388
3084 3353 3.905632
438 885 0.872664
3063 3135 3.882329
2427 2117 3.362916
3178 3360 4.27667
352 3044 1.746556
2970 2993 3.273477
2993 3051 3.751073
2962 3250 4.908148
3096 3178 1.596535
763 948 1.811972
352 3455 1.560318
3197 3338 3.774343
3178 3237 3.432548
2966 3135 3.854517
2962 3270 0.957038
352 3051 4.458093
3101 3135 4.3865
1130 1235 2.921499
3051 3270 1.916177
3063 3270 1.384957
1466 1469 2.456452
352 3183 0.75273
2117 2839 3.990073
3135 3165 3.092525
2966 3221 2.982639
2962 3250 4.908148
352 2966 3.26266
3135 3197 4.07227
3051 3462 1.226848
3197 3237 1.826368
3051 3165 0.365629
2966 3063 3.58224
3165 3221 1.071252
667 885 4.779012
3084 3423 1.632111
2966 3101 3.940418
352 3135 2.721445
3316 3319 3.764106
3101 3135 4.3865
3135 3146 2.911714
2966 2970 0.029791
3051 3101 1.213624
3146 3250 1.783594
2202 3319 1.668656
2993 3455 4.478085
3101 3135 4.3865
2966 3096 4.879792
2962 3270 0.957038
3338 3462 3.665511
3178 3353 2.485838
3338 3423 4.84281
352 2962 2.207894
3051 3360 1.396551
3096 3433 3.314588
3023 3284 0.165342
667 1285 1.343211
1466 3319 0.582506
713 1122 3.08021
3135 3146 2.911714
3197 3270 1.08666
3084 3283 3.64224
3146 3423 3.324163
2966 3283 3.433254
3197 3290 2.285604
3044 3051 3.410039
3353 3423 3.051668
2117 2608 2.225592
3084 3360 1.95451
427 763 1.026295
885 1242 1.106984
2993 3270 0.690373
2202 3319 1.668656
3283 3290 2.90417
427 713 4.056589
1075 1235 1.586042
2993 3063 3.14701
2993 3197 2.87497
3146 3338 1.197474
352 3338 4.286613
3135 3270 1.511111
3221 3353 2.131225
438 885 0.872664
1242 1295 0.617113
2202 3319 1.668656
667 1130 0.612081
3023 3319 3.897467
352 3319 4.658622
3423 3462 3.648242
3101 3178 2.643609
838 1083 1.119415
3165 3347 0.415866
3063 3423 1.494544
438 838 3.249339
3084 3101 1.746851
2966 3338 2.301012
3063 3197 0.155451
1075 1083 4.42564
352 3319 4.658622
3084 3290 0.127496
3178 3455 1.108727
2966 3338 2.301012
3146 3165 1.603526
838 1235 2.147854
3044 3178 2.683095
352 2970 1.269027
3284 3319 4.030271
3096 3165 2.003594
352 2202 4.402631
3165 3178 0.322336
3063 3146 0.600669
3051 3290 0.417919
352 3165 3.870459
3096 3290 0.206574
2966 3290 2.698209
352 3290 2.319302
3084 3178 3.429826
2962 3389 4.963741
3044 3135 1.463355
1083 1285 0.085969
2962 3353 4.563651
433 838 1.938162
3063 3423 1.494544
2202 1469 3.76966
3178 3455 1.108727
3176 3283 4.645582
3044 3290 3.4274
3178 3197 3.484124
3237 3389 2.468364
3197 3221 2.570851
3101 3347 3.164968
352 3221 1.667233
3197 3433 3.940896
481 838 1.606618
3051 3270 1.916177
3063 3328 1.793577
3051 3347 4.575824
3084 3283 3.64224
3096 3423 2.758706
1018 1285 3.922475
1647 372 2.071165
3197 3423 0.585146
2993 3178 3.274529
3135 3221 4.109932
1466 3319 0.582506
3338 3455 2.056848
3338 3389 3.327017
3178 3221 0.417228
352 1469 2.951463
3165 3455 3.086518
3146 3433 0.549882
3135 3290 4.2307
3135 3250 2.16453
352 3101 4.8583
3283 3338 1.097693
3096 3338 4.179863
1018 1295 0.02959
3809 3908 1.174929
2970 3462 0.843897
352 3063 0.079724
2966 3433 0.287862
3165 3389 1.029466
1018 1090 3.398183
3101 3135 4.3865
667 838 1.430189
3101 3197 0.358808
3165 3462 1.12327
667 838 1.430189
3051 3347 4.575824
3165 3197 3.147347
3096 3221 4.760916
352 3338 4.286613
3101 3283 1.205632
3135 3433 0.56792
3284 3319 4.030271
838 1083 1.119415
352 3360 3.181002
3096 3165 2.003594
3338 3360 3.709757
3101 3290 3.062664
3165 3319 4.773637
3135 3283 2.177618
433 885 0.251333
2970 3433 1.85841
1018 1083 0.359279
1821 3485 3.46925
3084 3360 1.95451
885 1285 4.618808
1821 3908 1.261358
3197 3423 0.585146
3051 3084 2.781625
370 376 4.690955
2966 3433 0.287862
3051 3389 3.786474
1443 3183 3.34639
3178 3338 2.220136
3023 3230 0.101532
3178 3197 3.484124
1821 3908 1.261358
352 3455 1.560318
3044 3096 2.701317
3221 3250 2.677581
1644 370 0.912192
1466 3316 2.839142
352 3250 0.220028
433 885 0.251333
885 1090 3.941183
3063 3328 1.793577
2962 2970 1.354397
3031 3465 0.663415
2993 3101 3.608432
3290 3433 3.957574
3283 3290 2.90417
2993 3462 0.400821
3165 3338 1.14015
3237 3423 4.220729
3360 3455 4.000019
667 885 4.779012
3051 3270 1.916177
3096 3423 2.758706
3146 3360 2.632197
3044 3197 1.198741
3270 3423 0.660262
3146 3197 1.73514
3135 3433 0.56792
3338 3455 2.056848
1242 1295 0.617113
3101 3328 0.935749
370 372 1.994116
3165 3360 0.966907
3250 3290 4.791475
352 3183 0.75273
433 1083 1.619626
2427 2117 3.362916
3433 3462 4.427613
3197 3360 2.060784
2993 3096 1.522497
2993 3338 3.713959
3023 1443 0.504858
3101 3462 1.442284
713 948 3.16445
2966 3135 3.854517
3237 3433 3.148006
3283 3455 2.783669
1018 1090 3.398183
3051 3146 3.308345
3338 3433 1.259717
3283 3423 1.74777
3178 3462 3.598049
3096 3290 0.206574
1242 1285 2.176569
3063 3101 1.282733
433 1090 0.497513
3084 3237 4.226836
667 1083 4.302073
352 3178 2.071459
3347 3455 3.866476
3165 3270 1.973618
3165 3433 1.700327
3270 3423 0.660262
3044 3423 1.209377
3096 3237 1.132859
3096 3290 0.206574
2966 3433 0.287862
3084 3462 0.349278
3197 3360 2.060784
3135 3270 1.511111
3051 3197 2.145269
3051 3197 2.145269
3096 3455 1.888462
376 1177 0.964548
3283 3423 1.74777
3101 3433 0.079636
2993 3353 2.431104
3165 3353 1.233761
1018 1090 3.398183
2970 3462 0.843897
1851 1998 4.962918
3165 3389 1.029466
2993 3084 4.3538
352 3250 0.220028
2966 3135 3.854517
2993 3433 4.791248
438 1235 4.920779
3221 3338 0.671449
3135 3250 2.16453
713 948 3.16445
3135 3283 2.177618
838 1130 3.393942
3101 3221 2.634946
2993 3197 2.87497
3044 3096 2.701317
3165 3423 4.81262
2966 3096 4.879792
3084 3270 1.72652
2962 3178 4.723135
2966 3462 4.087837
2962 3360 1.537925
3101 3338 2.091876
3135 3423 1.308844
438 1285 4.141787
2993 3433 4.791248
352 3423 3.647327
2202 1469 3.76966
2993 3084 4.3538
2966 2993 0.451505
2966 3146 1.587555
3044 3353 2.938509
3096 3270 0.256132
1466 3319 0.582506
3165 3353 1.233761
3096 3433 3.314588
1075 1295 0.28438
427 948 3.109552
2993 3221 1.470388
2993 3433 4.791248
2608 2839 3.051461
3135 3165 3.092525
3237 3389 2.468364
1644 1686 1.210569
667 1295 3.771125
2962 3423 3.904788
2966 3250 2.085044
3101 3250 2.823467
2962 3270 0.957038
1821 3485 3.46925
3197 3237 1.826368
3063 3328 1.793577
433 1075 0.530853
3283 3433 0.288045
3338 3353 3.716833
3096 3455 1.888462
3084 3165 0.562849
1654 1686 1.252325
352 3433 0.543513
1242 1295 0.617113
2993 3063 3.14701
1821 3809 1.964175
433 1285 0.083631
1235 1285 4.993686
3096 3433 3.314588
1443 3183 3.34639
2962 3197 1.014296
3023 1443 0.504858
1443 1466 1.386935
3044 3197 1.198741
3084 3221 2.548505
427 713 4.056589
3023 3319 3.897467
3284 3316 2.283217
3250 3433 0.18253
2962 3290 3.313618
948 961 4.927361
352 2202 4.402631
3044 3423 1.209377
3146 3250 1.783594
3250 3353 3.677026
948 961 4.927361
838 1285 4.14784
2962 3353 4.563651
3101 3353 2.153895
370 372 1.994116
3096 3290 0.206574
667 1075 1.234563
352 3433 0.543513
438 1235 4.920779
838 1285 4.14784
3338 3455 2.056848
1644 370 0.912192
3353 3423 3.051668
1466 3319 0.582506
3044 3051 3.410039
3063 3290 1.106832
1654 1686 1.252325
3165 3283 0.002748
3096 3353 0.107255
3197 3283 4.002635
3096 3135 1.507752
352 3063 0.079724
2962 3221 2.942276
3051 3347 4.575824
352 3347 4.87343
2475 2892 3.909931
352 1466 3.005455
3051 3250 4.882428
667 1235 3.246408
352 3284 1.988683
2962 3237 0.405427
3084 3283 3.64224
2202 1443 1.052231
2993 3178 3.274529
3096 3433 3.314588
885 1083 2.348106
3063 3101 1.282733
2966 2993 0.451505
3101 3290 3.062664
2117 2237 0.501219
3270 3360 2.053446
1083 1235 4.294553
1242 1285 2.176569
3096 3423 2.758706
2962 3250 4.908148
3433 3462 4.427613
3044 3135 1.463355
3197 3270 1.08666
3347 3455 3.866476
2993 3221 1.470388
433 1090 0.497513
3096 3221 4.760916
763 961 3.818813
3135 3455 3.564822
352 3433 0.543513
3044 3084 0.923686
885 1242 1.106984
3084 3250 2.609928
352 3101 4.8583
2427 2553 3.150974
2966 3462 4.087837
2962 3290 3.313618
1821 2055 3.822342
3101 3360 1.212674
3063 3290 1.106832
885 1295 1.917329
3063 3353 1.603017
3096 3433 3.314588
2970 3178 3.687883
3353 3389 1.061976
3290 3462 4.432463
2966 3135 3.854517
2962 2970 1.354397
2962 3135 1.788417
3146 3455 1.075468
2970 3283 1.197894
713 948 3.16445
2966 3250 2.085044
3096 3197 4.810427
2993 3360 3.61695
3146 3197 1.73514
2962 3197 1.014296
2962 3360 1.537925
438 1235 4.920779
3178 3433 4.542554
3096 3347 1.949983
3096 3197 4.810427
352 3353 4.346925
3165 3433 1.700327
2993 3270 0.690373
352 3221 1.667233
1009 1018 1.712153
3176 3230 3.334096
2966 3146 1.587555
3051 3389 3.786474
3096 3462 3.08214
3101 3135 4.3865
3051 3250 4.882428
352 3353 4.346925
3096 3237 1.132859
427 948 3.109552
2962 3165 0.664748
1285 1295 2.010814
438 885 0.872664
3101 3165 2.537408
3051 3063 2.895885
352 3347 4.87343
3146 3433 0.549882
3023 1443 0.504858
3290 3360 1.272058
1009 1018 1.712153
3096 3221 4.760916
3270 3389 0.292428
3353 3423 3.051668
2962 3423 3.904788
804 1131 4.338821
3051 3360 1.396551
376 1131 2.215547
3165 3389 1.029466
1443 3183 3.34639
2966 3101 3.940418
3101 3462 1.442284
3221 3360 1.97449
1075 1285 0.613029
1075 1295 0.28438
3051 3338 2.031207
1075 1235 1.586042
3135 3462 3.410816
3051 3221 2.492333
3084 3197 1.210707
3146 3455 1.075468
3485 3575 2.768061
2970 3455 4.977402
3135 3237 4.913696
3084 3353 3.905632
3178 3423 4.532454
3178 3433 4.542554
427 898 3.063918
352 3328 1.435328
1443 3183 3.34639
438 885 0.872664
3044 3360 2.8365
3250 3270 0.057864
2966 3283 3.433254
2970 3433 1.85841
3237 3455 1.361842
3063 3423 1.494544
2970 3178 3.687883
2117 2839 3.990073
3197 3360 2.060784
3290 3360 1.272058
2993 3178 3.274529
352 3455 1.560318
3084 3433 0.686988
433 1285 0.083631
3101 3455 1.117534
2962 3221 2.942276
3096 3353 0.107255
1644 372 0.570511
2117 2839 3.990073
2993 3221 1.470388
3044 3178 2.683095
2993 3347 4.714003
3237 3455 1.361842
352 3338 4.286613
3023 3284 0.165342
352 3290 2.319302
3221 3360 1.97449
2970 3455 4.977402
352 3284 1.988683
352 3101 4.8583
433 1090 0.497513
3135 3462 3.410816
3250 3283 0.399821
3044 3221 3.62636
2962 3423 3.904788
3146 3290 3.622414
376 1177 0.964548
3237 3433 3.148006
713 1122 3.08021
3221 3338 0.671449
838 1083 1.119415
3023 3176 0.153266
1075 1235 1.586042
2962 3178 4.723135
3250 3433 0.18253
