490 1173 0.039861
1422 1473 2.331042
446 1274 2.861875
1400 1423 2.417346
656 768 0.312548
1663 1673 3.816147
2944 3367 4.604861
741 999 4.809517
1239 1285 3.770339
1103 1276 3.927404
1459 3337 2.25628
1446 1458 2.498264
775 838 0.17971
3855 3883 1.428571
678 770 1.918662
831 1201 3.362715
352 3174 4.094576
3159 3209 4.740134
2347 2123 0.774831
2965 1428 3.901903
3351 3418 4.865401
729 1095 4.116359
1297 1379 3.22973
3246 3471 0.430349
3377 3472 1.639075
535 764 4.089837
1422 1462 2.866768
3104 3364 2.208741
29 82 4.358133
470 500 4.483984
798 891 1.16574
2545 2641 3.891961
847 1049 0.784765
199 231 1.676517
1458 1485 0.915064
2095 2736 2.1112
1821 3729 3.264713
3048 3068 3.608619
997 1183 1.683377
170 268 1.933842
2330 2508 1.775608
1002 1278 2.615563
3087 3360 4.299621
1433 1446 3.334602
107 734 2.265741
481 817 0.529178
2977 3053 1.321258
684 1118 0.913053
2261 2573 2.088197
612 1089 0.17471
2484 2523 4.073419
997 1101 4.057379
107 1118 2.999571
1446 1485 4.021123
446 775 4.378066
352 3104 2.601221
107 1274 2.697756
490 684 1.340399
1428 1473 4.857448
3209 3360 4.821839
684 1002 1.319215
1446 1485 4.021123
612 1002 4.244707
2261 2573 2.088197
3048 3159 2.561424
999 1276 2.66889
838 1103 3.31435
1423 1428 4.641878
1400 1459 4.280351
798 1049 0.037982
352 1446 4.480248
838 847 3.758757
741 847 2.533438
1274 1285 2.726535
352 2965 0.631664
678 768 3.010169
1458 1459 1.312666
3087 3104 1.95398
2261 2523 4.245121
490 1103 1.890877
352 1459 2.350743
107 734 2.265741
3068 3364 2.226555
1458 1485 0.915064
3068 3472 3.099028
775 1089 0.973898
352 3209 0.278502
838 847 3.758757
1118 1274 4.620272
1433 1459 0.827112
798 891 1.16574
107 656 4.029995
3351 3367 2.172051
3367 3472 1.575836
535 1089 0.638121
446 817 0.520767
2977 3104 3.398421
1459 3337 2.25628
107 470 1.501631
3104 3360 2.656229
1446 1473 0.802756
1428 1446 2.670177
1433 1458 4.723643
775 1118 2.461485
107 891 1.911215
798 847 1.138038
1089 1276 4.948281
3068 3360 4.649691
2944 2977 0.179195
838 1002 0.775735
3087 3367 0.463745
3048 3360 1.035425
107 1201 0.619781
352 2965 0.631664
817 1002 0.029436
3209 3472 2.038217
775 1118 2.461485
1428 1462 4.442818
3209 3472 2.038217
1103 1285 2.177791
1103 1239 1.16085
352 3364 2.653117
3048 3360 1.035425
3068 3367 0.736401
1089 1276 4.948281
3068 3418 2.714902
2944 3053 4.724594
612 1002 4.244707
1400 1459 4.280351
838 1173 3.474661
1002 1278 2.615563
2484 2523 4.073419
798 1049 0.037982
107 831 2.749583
817 847 2.068721
612 1089 0.17471
684 1049 1.820906
470 500 4.483984
817 847 2.068721
838 1095 1.192617
678 1201 3.691005
107 838 1.827555
107 775 4.551062
741 838 0.145261
1821 3855 1.655947
768 1297 3.902463
678 831 1.038606
3068 3367 0.736401
490 817 2.003758
446 1278 4.539016
3209 3351 4.69387
1173 1285 0.611716
470 678 2.643028
1422 1458 4.806194
470 768 0.369809
612 838 3.619176
2977 3337 3.221606
446 775 4.378066
535 1089 0.638121
490 1002 0.35826
107 1201 0.619781
107 768 2.058682
3104 3209 3.539285
1423 1462 1.98333
3209 3360 4.821839
3053 3418 4.82892
107 770 0.66772
612 684 4.382966
741 847 2.533438
2261 2484 3.507451
3048 3418 2.627934
3351 3472 3.764323
2944 3364 1.771455
1103 1276 3.927404
3209 3418 1.871215
490 838 4.715283
2977 3418 4.447217
3068 3418 2.714902
446 612 2.652494
535 1239 1.04008
3337 3472 4.217568
1173 1276 1.231517
741 1276 4.601434
2573 2641 1.771417
741 1002 3.559126
1278 1285 1.403302
470 768 0.369809
612 838 3.619176
1473 1485 3.929349
2977 3337 3.221606
1423 1485 3.839191
612 1239 3.457672
352 3246 3.185243
997 1183 1.683377
741 1049 4.393668
1049 1278 1.20716
1400 1422 0.635891
764 1285 1.46999
490 1103 1.890877
3068 3360 4.649691
446 817 0.520767
847 1278 3.249362
107 729 0.368207
3159 3209 4.740134
107 891 1.911215
612 1103 3.480563
2977 3104 3.398421
3087 3364 4.044759
2261 2573 2.088197
1095 1276 4.493701
612 817 1.022922
3855 3883 1.428571
612 684 4.382966
535 729 3.897256
729 1285 4.201999
3068 3104 4.186931
1473 1485 3.929349
2944 2977 0.179195
2944 3364 1.771455
3337 3472 4.217568
1422 1459 2.482693
3053 3472 0.819308
2347 2123 0.774831
770 831 3.615593
2977 3053 1.321258
107 764 3.47141
1446 1473 0.802756
3068 3418 2.714902
3068 3367 0.736401
1089 1276 4.948281
817 847 2.068721
3048 3053 4.961017
764 1285 1.46999
741 1276 4.601434
2977 3053 1.321258
107 741 1.660999
2095 2736 2.1112
2965 1428 3.901903
3053 3087 4.704487
1118 1285 1.395587
446 1274 2.861875
3104 3209 3.539285
612 764 4.424507
2944 3364 1.771455
446 1278 4.539016
817 1278 2.779323
741 1276 4.601434
1095 1276 4.493701
3048 3351 0.462336
490 838 4.715283
612 1285 0.012062
891 999 3.799082
481 847 2.424876
107 817 0.590547
352 1458 2.72537
1239 1285 3.770339
3087 3209 2.249692
107 481 2.419224
1433 1458 4.723643
1422 1428 0.568492
1049 1285 0.209394
2944 3087 0.593264
2944 3209 2.313083
798 1089 0.648098
1002 1274 2.293696
798 847 1.138038
1400 1433 1.617923
3068 3360 4.649691
612 1049 4.021761
3209 3367 1.710133
446 1103 2.502022
1458 1459 1.312666
500 768 2.318327
3360 3472 1.063731
1276 1278 4.974984
1089 1276 4.948281
1103 1278 2.879027
741 1049 4.393668
1173 1239 0.803646
490 1274 2.859923
3087 3472 2.78587
352 3471 0.520236
352 3104 2.601221
741 1103 3.126994
1049 1089 4.395281
3209 3360 4.821839
352 1485 3.616222
612 817 1.022922
490 1089 0.431237
1400 1433 1.617923
3367 3472 1.575836
3053 3068 2.008914
1446 1462 4.658763
2977 3053 1.321258
2261 2545 2.744209
107 1274 2.697756
107 1297 3.164492
352 1446 4.480248
352 3471 0.520236
481 817 0.529178
3048 3159 2.561424
2944 3087 0.593264
1423 1446 3.821148
3048 3377 1.685166
352 1423 3.940506
3068 3472 3.099028
3104 3360 2.656229
1400 1485 4.88107
838 1276 1.076296
107 838 1.827555
107 446 2.753349
3337 3377 0.132073
612 684 4.382966
612 741 2.397573
535 729 3.897256
1446 1485 4.021123
3351 3360 2.672096
446 817 0.520767
446 1278 4.539016
3068 3351 2.817613
2977 3337 3.221606
2977 3048 2.469278
3209 3418 1.871215
3104 3209 3.539285
678 770 1.918662
107 817 0.590547
3360 3377 1.741188
684 1285 0.417421
2944 3337 1.972794
2977 3472 3.409825
2944 3087 0.593264
3104 3360 2.656229
684 838 3.481969
107 1049 2.795741
107 997 0.286056
3104 3418 4.086837
847 1002 0.581688
1422 1473 2.331042
3360 3472 1.063731
1821 3883 4.80168
1101 1183 4.958811
352 1446 4.480248
3053 3367 2.362912
490 775 0.628926
1422 1462 2.866768
470 500 4.483984
2261 2484 3.507451
3087 3364 4.044759
3048 3068 3.608619
729 838 0.290693
107 1278 2.325464
741 1049 4.393668
107 1239 0.063751
3087 3351 1.325532
1433 1473 3.250349
1446 1473 0.802756
352 3351 1.299032
684 1274 4.3672
352 3246 3.185243
107 1183 4.291653
1446 1485 4.021123
3209 3367 1.710133
3351 3360 2.672096
3048 3472 1.686555
2944 3159 1.916954
3246 3471 0.430349
741 1103 3.126994
2944 3209 2.313083
1422 1473 2.331042
107 729 0.368207
2545 2641 3.891961
1446 1459 4.115543
798 838 3.111569
3068 3472 3.099028
2545 2641 3.891961
107 490 4.411514
490 1285 2.010639
729 1095 4.116359
741 1002 3.559126
684 1002 1.319215
352 3360 3.181002
2944 3377 3.257543
446 1285 1.442642
775 1118 2.461485
352 2977 4.10524
2261 2573 2.088197
3337 3418 0.657201
741 1285 1.360304
1103 1285 2.177791
1297 1379 3.22973
107 768 2.058682
2261 2523 4.245121
82 268 4.455744
1422 1485 2.943918
3053 3360 4.71318
684 1002 1.319215
107 1276 4.563694
82 199 2.720341
446 1103 2.502022
2095 2736 2.1112
1433 1459 0.827112
3377 3472 1.639075
817 847 2.068721
3159 3418 3.018583
741 1049 4.393668
500 831 1.203668
490 1274 2.859923
3351 3472 3.764323
764 1173 1.517903
678 770 1.918662
678 1201 3.691005
3087 3367 0.463745
1095 1278 0.633396
446 817 0.520767
3068 3209 0.391197
1821 3729 3.264713
500 1379 4.783356
678 831 1.038606
1276 1285 4.559813
107 847 4.551997
107 1103 2.723575
3087 3209 2.249692
838 1089 2.218162
2523 2641 2.488812
3087 3418 3.301753
3048 3360 1.035425
2944 3104 0.922337
838 847 3.758757
1297 1379 3.22973
490 684 1.340399
1423 1462 1.98333
741 847 2.533438
2261 2523 4.245121
3048 3351 0.462336
1446 1462 4.658763
352 1459 2.350743
3367 3472 1.575836
82 170 3.90863
490 684 1.340399
1276 1285 4.559813
1423 1446 3.821148
1663 1673 3.816147
3053 3159 4.213081
612 1239 3.457672
2977 3104 3.398421
775 838 0.17971
2977 3418 4.447217
684 1274 4.3672
2977 3418 4.447217
107 1101 2.326402
891 999 3.799082
3068 3159 3.145255
798 847 1.138038
535 838 0.67383
1400 1473 4.233981
3360 3377 1.741188
3048 3068 3.608619
775 1103 4.203842
729 1095 4.116359
678 831 1.038606
1422 1433 4.79629
847 1049 0.784765
470 500 4.483984
490 838 4.715283
107 1379 4.444352
612 1239 3.457672
1458 1473 0.887386
729 1239 0.017821
107 817 0.590547
107 891 1.911215
2261 2545 2.744209
1422 1428 0.568492
3337 3377 0.132073
2944 3364 1.771455
490 1118 3.969751
2261 2523 4.245121
1095 1285 0.480882
770 831 3.615593
1095 1276 4.493701
817 1278 2.779323
481 729 0.453562
1422 1433 4.79629
1423 1433 3.473409
107 775 4.551062
3367 3472 1.575836
107 1276 4.563694
3068 3351 2.817613
847 1049 0.784765
1101 1183 4.958811
535 764 4.089837
1433 1458 4.723643
1422 1423 2.535985
446 1285 1.442642
3053 3364 1.925752
1089 1285 2.268587
684 1049 1.820906
1049 1089 4.395281
535 1239 1.04008
1422 1423 2.535985
612 741 2.397573
