485 1285 3.816968
1334 1373 4.666129
2142 2170 1.565569
3735 3808 2.272286
3045 3220 3.222035
1440 2211 2.598083
1079 1310 1.905208
933 1199 3.885509
3209 3315 2.210357
1410 3137 3.195711
3181 1480 1.711171
1448 1475 4.749053
1423 2153 3.834772
995 1002 4.460083
2102 2107 0.300178
1266 1292 0.933133
3626 3714 4.238822
685 995 4.624978
2962 3084 0.543034
1400 1478 0.345528
3364 3380 0.408833
1685 1712 2.864986
1236 1333 0.870527
609 1220 2.760669
379 1051 1.294843
2126 1423 0.371165
2715 2769 2.980092
351 2270 2.9281
3099 3298 1.601488
2200 2157 3.721077
107 835 0.07675
389 1232 3.363282
53 317 2.667814
2312 2328 3.970316
1458 1484 0.560633
2137 2148 2.648767
1129 1320 0.655934
3110 3457 3.495311
2996 3203 1.507221
3757 3769 2.873227
2159 2163 3.284336
464 815 4.659189
792 824 1.087824
2504 2103 1.044265
733 1303 1.736312
951 1445 2.136874
3045 3369 0.853686
2989 3281 4.834659
419 701 1.648704
1843 1858 1.827343
3296 3429 2.910531
824 1268 3.276756
464 995 2.776857
1440 2157 2.832405
2312 2328 3.970316
1400 2211 0.281933
1440 2157 2.832405
3203 3296 0.293032
2962 3220 3.092934
107 1334 2.08302
464 1285 2.95401
1448 1458 0.943027
1440 1475 4.108926
107 824 0.371433
3203 3220 0.314986
2962 3429 4.691883
2200 2137 2.144535
1002 1285 3.112859
2103 2107 1.036758
1478 2170 4.789667
107 792 1.601419
3203 3369 3.086956
3281 3296 2.765697
3626 3714 4.238822
1199 1320 3.683712
2200 2159 1.232894
3220 3457 0.474676
107 815 1.593581
2137 2157 1.473705
2126 3429 2.32622
2989 3281 4.834659
1423 1480 1.966497
2126 2148 4.085169
3209 3220 2.763691
107 1285 3.437104
609 1220 2.760669
485 1199 0.206924
1320 1373 2.439893
951 1480 0.57174
107 1199 4.38612
2200 1480 2.14369
2200 2163 2.064395
933 995 4.306532
1400 2142 0.457049
3203 3315 4.531933
2142 2157 0.498822
1445 2170 3.024547
1448 2159 1.149115
2962 3220 3.092934
2126 1400 1.607427
1445 1480 2.234649
107 792 1.601419
1285 1334 1.98688
2142 1448 4.847437
2142 1448 4.847437
609 1220 2.760669
107 1232 0.198257
2142 1458 2.220712
1423 2153 3.834772
3045 3203 4.694994
1458 2153 0.530228
3084 3203 0.769131
1448 1458 0.943027
1423 1445 3.702554
2962 3281 1.15587
1400 2163 3.427731
1440 2170 3.505721
2126 1440 2.773488
995 1002 4.460083
107 379 4.708854
1480 2170 3.461745
2126 1480 0.520798
3110 3457 3.495311
2153 2157 1.072583
3209 3220 2.763691
815 1320 2.344195
2962 2126 4.825179
1334 1373 4.666129
107 685 3.724667
107 1236 0.709912
951 2170 3.280976
2996 3203 1.507221
1400 2200 1.963251
1440 2163 4.80986
3084 3209 1.783348
2142 1458 2.220712
1445 1480 2.234649
951 2157 0.774004
685 1285 1.684771
815 1002 1.897006
2211 1475 3.403421
2962 3296 4.267976
107 824 0.371433
1440 2163 4.80986
3181 2157 1.758525
3045 3209 3.768989
1400 2159 4.167253
3084 3429 1.945183
2137 1478 3.971333
1199 1220 4.735934
2200 1475 2.118661
379 1051 1.294843
2200 1480 2.14369
2200 1448 1.476526
2989 3296 4.842634
1266 1268 3.820785
1220 1373 1.040992
107 419 3.442025
3209 3220 2.763691
3045 3220 3.222035
464 1334 1.379569
1400 2163 3.427731
933 1334 0.600338
1423 2170 3.744516
1448 1458 0.943027
1400 1484 1.231834
107 685 3.724667
351 2102 0.760815
995 1285 0.280514
3110 3364 0.366037
1285 1320 1.875287
685 1320 3.744422
2126 1448 0.21515
2126 1475 0.56066
3203 3209 3.421181
3281 2170 4.711443
1480 2163 2.863623
464 1285 2.95401
951 1448 3.459344
2996 3203 1.507221
1440 2148 1.173788
815 1373 1.371215
2504 2102 2.72958
1285 1373 1.189903
107 485 3.04434
2200 2157 3.721077
2211 1475 3.403421
1400 2211 0.281933
1199 1285 1.526228
685 995 4.624978
1285 1320 1.875287
2126 1448 0.21515
107 824 0.371433
2200 2159 1.232894
107 1079 2.564337
107 1220 2.958703
3220 3296 4.546441
2126 2137 4.098529
1129 1220 0.473922
1458 2163 2.565057
485 1285 3.816968
107 1292 3.809117
464 1334 1.379569
1079 1310 1.905208
2962 3457 3.304417
1448 1458 0.943027
685 1002 2.007377
815 1285 3.707459
951 2159 3.280218
3045 3209 3.768989
2126 1423 0.371165
2962 3209 4.704512
1458 2157 3.302967
1423 2170 3.744516
2148 2157 3.505524
53 317 2.667814
1400 2200 1.963251
485 685 0.486884
1292 1303 2.219223
995 1320 1.990413
733 1292 1.558978
1423 1475 2.385048
3110 3364 0.366037
3084 3209 1.783348
815 1373 1.371215
107 1334 2.08302
1423 1475 2.385048
3220 3296 4.546441
2153 2170 3.12885
464 815 4.659189
3110 3203 1.269148
1445 2157 4.976668
107 1079 2.564337
2126 1475 0.56066
107 701 3.168653
2989 3315 4.812902
107 351 1.555546
107 485 3.04434
2504 2103 1.044265
1423 1448 1.04174
933 1285 3.971797
107 733 4.712457
1423 1448 1.04174
3045 3084 1.481059
685 1373 4.565181
2102 2107 0.300178
464 1373 2.41358
2163 2170 1.457423
2996 3203 1.507221
1475 2163 2.436688
2126 3457 3.445096
3110 3281 2.81355
685 1199 2.415175
2962 3084 0.543034
3281 2163 1.274755
107 609 1.604758
2126 1484 2.863676
2962 3220 3.092934
824 1268 3.276756
3084 3203 0.769131
701 1268 3.933472
2962 3296 4.267976
485 685 0.486884
2996 3364 4.830464
3045 3084 1.481059
951 1440 1.637253
3099 3298 1.601488
3626 3714 4.238822
1400 1448 0.087454
2142 1448 4.847437
1440 1484 4.992849
107 389 4.590545
3296 3457 2.781988
2126 3457 3.445096
2200 1480 2.14369
1292 1303 2.219223
1423 2159 1.522962
2153 1475 4.387226
3369 3457 2.997075
1002 1373 0.386681
107 379 4.708854
2962 3045 0.51413
107 1292 3.809117
1440 2157 2.832405
2989 3110 4.534258
2148 2153 4.63725
2126 2200 3.95097
995 1129 2.026942
2126 1475 0.56066
2126 1445 4.670907
2153 1475 4.387226
2126 1478 0.399736
1129 1199 0.706967
2962 3281 1.15587
951 1400 4.344842
1423 1475 2.385048
2200 2157 3.721077
3203 3429 4.914139
1400 2159 4.167253
2137 2170 3.441673
1448 1480 4.817004
1458 2170 1.868787
2126 1475 0.56066
995 1220 2.850796
3084 3110 2.876761
685 1373 4.565181
107 815 1.593581
2211 2163 2.016804
1448 1480 4.817004
2126 1400 1.607427
3220 3315 3.751614
1268 1333 3.069139
2200 1448 1.476526
3220 3296 4.546441
2137 2170 3.441673
3084 3209 1.783348
2996 3203 1.507221
1440 1448 2.511929
464 815 4.659189
951 1484 0.487782
1448 2211 1.106418
2163 2170 1.457423
1002 1129 1.019726
2126 2163 4.809808
3626 3714 4.238822
2962 3110 2.633297
485 1373 2.741541
1440 1475 4.108926
2996 3084 3.254898
2148 2170 1.098491
2137 2142 3.012208
2715 2769 2.980092
1440 1475 4.108926
2126 1475 0.56066
2142 1480 2.720855
485 1285 3.816968
2159 2163 3.284336
485 1199 0.206924
951 2157 0.774004
107 464 0.114825
951 2148 0.696024
1423 2170 3.744516
2962 3045 0.51413
3626 3714 4.238822
2211 2159 2.757125
1400 2200 1.963251
2989 3209 4.300376
1475 1480 4.874971
107 733 4.712457
2102 2103 3.005173
685 1002 2.007377
3110 3296 0.320195
2126 3457 3.445096
1458 1484 0.560633
107 1051 2.006465
3220 3296 4.546441
3220 3457 0.474676
1445 2170 3.024547
1220 1334 2.58746
2126 1400 1.607427
995 1285 0.280514
1475 2163 2.436688
2126 1475 0.56066
3364 3369 0.344234
1440 1458 0.064031
351 2715 4.424172
951 1445 2.136874
3296 3429 2.910531
2153 1484 4.868641
933 1373 0.722093
1268 1333 3.069139
685 1199 2.415175
107 1310 2.386572
3084 3203 0.769131
1199 1320 3.683712
3735 3808 2.272286
951 2153 3.791857
3296 3457 2.781988
3369 3457 2.997075
485 685 0.486884
485 1373 2.741541
1292 1303 2.219223
2126 1400 1.607427
1843 1858 1.827343
2137 1448 4.382778
419 701 1.648704
351 2328 3.5218
3110 3203 1.269148
2102 2107 0.300178
1475 1484 1.81665
2126 1484 2.863676
3084 3457 3.191815
1320 1373 2.439893
107 815 1.593581
107 824 0.371433
2996 3296 3.748411
733 1292 1.558978
1400 2170 3.118235
1285 1334 1.98688
815 1320 2.344195
2142 1475 1.02948
1410 3137 3.195711
1440 2163 4.80986
2200 2137 2.144535
3209 3296 0.002229
933 1285 3.971797
107 485 3.04434
2200 2211 4.088238
3084 3296 4.165119
1458 1484 0.560633
1400 2200 1.963251
1480 2170 3.461745
2962 3084 0.543034
3281 2170 4.711443
3181 1480 1.711171
2200 2159 1.232894
3045 3369 0.853686
1285 1320 1.875287
107 1285 3.437104
107 419 3.442025
2996 3220 2.602389
3099 3298 1.601488
351 2103 1.045083
2126 1423 0.371165
2996 3045 3.030369
