1851 1979 2.972069
479 1043 3.032564
2288 2732 1.353954
3221 3406 2.313134
3065 3155 3.638397
1429 2150 0.370431
1423 1441 2.244834
1426 1501 4.008982
876 1352 1.67444
403 1068 0.518455
3076 3136 0.993127
122 342 0.327163
1821 3909 4.645956
1453 2165 2.126915
2204 2941 2.479413
366 1146 4.896825
599 806 3.124897
1011 1382 4.027962
3096 3241 1.446141
3616 3877 0.383569
1424 3476 0.132382
466 479 0.975285
566 844 0.577883
3180 3227 2.85048
1129 1220 0.473922
2218 1472 4.237714
352 2939 3.770228
1130 1250 4.33217
3264 3439 3.742026
3051 3242 4.783687
1021 1353 0.736421
2988 3344 4.813855
871 1316 4.542074
3160 2162 4.769692
1454 2152 1.387723
2472 2505 3.293222
1130 1278 0.77543
564 879 2.419602
458 1294 2.473913
456 519 3.472809
1077 1313 1.324601
2984 3097 1.382377
489 1149 2.57825
3034 3146 0.552415
2700 2902 3.595113
540 862 2.825047
3120 3353 1.629764
506 1378 3.14446
1017 1029 4.412545
757 1098 3.027116
503 966 2.102147
479 862 2.019929
3221 3264 1.220218
3034 3146 0.552415
1424 3476 0.132382
540 1130 1.485612
3096 3264 3.668946
352 2152 1.126216
757 1353 2.072825
876 1352 1.67444
1426 1454 3.894672
1077 1313 1.324601
458 1353 4.051474
3051 3439 4.562471
3241 3264 4.084533
489 1352 2.873672
2984 3096 1.82105
1294 1353 3.221803
3136 3242 3.157707
1423 2150 0.615777
1441 2165 1.961423
1426 1472 1.719648
3076 3146 4.248915
1021 1149 2.487459
1429 1453 3.380367
2150 1472 4.781848
352 3065 2.376127
366 844 1.942048
862 1098 1.591024
1077 1313 1.324601
489 1098 1.875347
1851 1979 2.972069
3241 3406 3.560248
2150 1472 4.781848
2150 2162 4.462298
366 403 3.330289
540 1043 1.752274
871 1316 4.542074
352 1472 2.579383
403 1011 2.389191
352 3076 4.816335
1149 1220 4.676313
3096 3242 0.292423
3136 3406 1.503956
1029 1146 2.975517
489 1130 4.676344
2150 3476 1.022633
3051 3439 4.562471
1129 1250 4.186878
3065 3221 4.648591
352 3120 3.342883
1424 1472 0.389941
1441 1453 1.495352
1130 1250 4.33217
3136 3241 0.234614
1426 3476 4.759357
352 1472 2.579383
352 2204 1.114145
871 1017 1.671965
3241 3242 2.712996
466 879 3.590411
3097 3120 2.326028
2984 3076 0.628408
466 1250 3.640902
540 1098 0.117312
3076 3096 1.631644
1429 1472 3.479372
757 1278 1.187998
3096 3155 0.652988
1149 1278 4.685283
489 1294 0.433617
1426 1472 1.719648
566 844 0.577883
403 1378 1.243406
3264 3406 0.088838
1429 1453 3.380367
1278 1294 0.493504
1821 3877 1.889068
1424 1454 0.035073
3051 2162 0.832797
3155 3439 2.73635
1426 2218 0.886512
757 1278 1.187998
3034 3065 1.848028
1821 3909 4.645956
1043 1352 4.908331
3096 3264 3.668946
352 3076 4.816335
1429 2152 1.373794
1423 1453 3.861059
844 1146 3.549306
2941 1472 3.574746
3034 3155 1.918708
876 1043 3.025368
506 1378 3.14446
1021 1353 0.736421
2150 1472 4.781848
862 1043 1.512477
366 566 2.263166
757 1294 2.344528
3076 3136 0.993127
3051 3439 4.562471
3120 3439 2.191676
1029 1146 2.975517
1424 1426 4.11846
3076 3439 0.77777
366 844 1.942048
1043 1278 2.374469
466 879 3.590411
352 3076 4.816335
564 1098 4.602444
3146 3221 3.400573
3160 3476 1.038295
1472 3476 4.864163
3136 3242 3.157707
564 1129 4.567875
2150 1472 4.781848
1068 1313 1.005752
2204 1501 4.433578
1130 1250 4.33217
2218 3476 4.840985
1130 1352 0.664514
489 1043 2.856649
479 1098 2.43282
2984 3242 2.299757
3146 3264 3.686913
3051 3264 2.680731
3221 3439 3.106207
1426 2204 3.267373
757 1294 2.344528
3096 3155 0.652988
1423 2218 2.496107
564 757 1.481447
352 3353 4.346925
879 1278 0.149676
1423 1429 4.759225
489 862 4.659058
3136 3353 2.496835
1098 1129 1.885914
466 1250 3.640902
1429 2204 4.438131
3120 3264 1.032223
844 1029 0.223754
566 844 0.577883
3051 2162 0.832797
1429 2152 1.373794
1021 1149 2.487459
3051 3146 3.308345
366 1029 3.622796
3146 3241 1.868655
3180 3227 2.85048
352 3051 4.458093
3051 3221 2.492333
3034 3097 4.841347
540 1043 1.752274
1454 2941 4.75541
876 1130 2.210902
466 479 0.975285
3096 3439 1.645216
1424 1441 4.750925
564 1098 4.602444
1424 1472 0.389941
466 1129 0.857341
1021 1278 0.147001
352 3065 2.376127
479 1220 3.95409
503 1220 2.801204
3155 3264 3.77922
403 1011 2.389191
599 806 3.124897
366 403 3.330289
3136 3264 2.762108
503 1220 2.801204
757 1353 2.072825
2204 1501 4.433578
1098 1352 1.50271
1077 1378 0.052539
540 1098 0.117312
1424 1429 1.962411
2162 3476 4.770336
1043 1352 4.908331
352 1472 2.579383
3097 3242 1.789798
352 3160 0.729924
503 564 4.728954
403 1378 1.243406
966 1250 1.399323
352 3065 2.376127
1129 1149 3.756452
489 1149 2.57825
352 2218 3.145715
3097 3406 3.00699
1429 1472 3.479372
352 3476 2.363908
3076 3096 1.631644
1149 1278 4.685283
1017 1029 4.412545
3097 3146 2.06687
3264 3406 0.088838
2988 3344 4.813855
3264 3406 0.088838
352 1472 2.579383
466 1250 3.640902
1423 2150 0.615777
1454 2941 4.75541
1454 1472 0.037461
3065 3146 1.011898
1043 1220 1.076547
3034 3076 1.436438
122 342 0.327163
489 1149 2.57825
1129 1352 4.285254
352 3065 2.376127
966 1294 1.21062
456 519 3.472809
3065 3241 4.173404
862 1043 1.512477
1454 1472 0.037461
456 519 3.472809
466 1098 2.841137
3065 3242 2.407975
2218 1472 4.237714
1429 1453 3.380367
3160 2150 1.179803
3241 3264 4.084533
1454 2165 1.269898
466 479 0.975285
1011 1382 4.027962
2218 1472 4.237714
3155 3406 3.519443
2288 2732 1.353954
862 1278 3.934701
3076 3264 1.747599
1429 1454 3.827986
1453 2941 3.943395
403 1011 2.389191
2988 3180 4.085135
3146 3406 3.148041
352 2152 1.126216
3155 3264 3.77922
3051 3097 4.993527
3096 3406 0.264824
466 1098 2.841137
1441 1453 1.495352
479 1021 0.981312
3160 2162 4.769692
2984 3264 1.070928
1429 1501 3.218073
566 1146 1.079342
3146 3439 3.401663
503 966 2.102147
1453 1454 1.37102
503 1149 4.814972
564 1149 0.50861
2984 3353 4.968088
3034 3076 1.436438
506 1077 4.568017
862 1043 1.512477
3051 3264 2.680731
122 342 0.327163
3097 3241 3.258868
566 1146 1.079342
966 1098 4.436776
566 1029 0.772809
3221 3406 2.313134
564 862 4.401649
352 3221 1.667233
352 3051 4.458093
2204 1453 3.457889
862 1149 1.748877
503 966 2.102147
1423 2150 0.615777
3146 3242 1.480755
1423 1453 3.861059
2204 2152 0.107302
1426 2162 0.712309
352 3065 2.376127
3097 3120 2.326028
1441 1454 2.305965
566 1029 0.772809
1441 1453 1.495352
2150 3476 1.022633
564 1220 1.412106
1423 1453 3.861059
566 1146 1.079342
2984 3136 4.668041
3096 3155 0.652988
352 1501 1.932037
757 1098 3.027116
871 1017 1.671965
352 3136 4.953394
3221 3264 1.220218
489 1098 1.875347
479 1129 1.877216
503 876 3.433977
3065 3242 2.407975
876 1129 3.739942
3076 3242 1.021778
2152 3476 0.857918
757 1149 4.664704
2472 2505 3.293222
966 1098 4.436776
862 1250 4.896327
1077 1313 1.324601
458 1353 4.051474
599 806 3.124897
2988 3344 4.813855
3051 3241 0.161824
1429 1472 3.479372
3034 3155 1.918708
757 1098 3.027116
352 3353 4.346925
1098 1220 0.865438
2218 2165 0.552594
2150 3476 1.022633
757 1294 2.344528
1424 1426 4.11846
3146 3221 3.400573
3076 3264 1.747599
3120 3136 2.744196
506 1068 0.432235
3221 3264 1.220218
1149 1220 4.676313
1423 2162 0.91841
3065 3264 3.260365
3065 3155 3.638397
1149 1353 4.695026
3076 3241 2.586186
1423 2162 0.91841
403 1378 1.243406
352 3146 0.087429
599 806 3.124897
503 564 4.728954
1441 1501 0.086988
599 806 3.124897
1454 2152 1.387723
3155 3264 3.77922
2218 2165 0.552594
3120 3439 2.191676
1441 1453 1.495352
2984 3241 0.12806
1423 1472 1.416986
564 1294 4.083854
122 342 0.327163
2988 3227 2.563659
352 3227 4.809284
806 844 0.666009
876 1278 3.128905
3076 3096 1.631644
403 1313 1.705533
1077 1378 0.052539
2152 1472 0.506632
3051 3097 4.993527
2150 3476 1.022633
352 2988 4.440659
3096 3242 0.292423
3146 3241 1.868655
3616 3877 0.383569
757 1294 2.344528
3136 3353 2.496835
3051 3096 3.599095
1441 1453 1.495352
3221 3242 4.426635
1454 2152 1.387723
3221 3353 2.131225
3155 3406 3.519443
366 1146 4.896825
757 876 3.085118
1424 3476 0.132382
1426 1472 1.719648
1043 1278 2.374469
466 1130 4.328094
3034 3155 1.918708
862 1129 1.269784
599 806 3.124897
1077 1378 0.052539
1068 1378 1.141492
456 519 3.472809
1423 1441 2.244834
2984 3353 4.968088
876 966 4.084546
3034 3136 1.765879
1220 1352 3.763491
564 1098 4.602444
1423 2162 0.91841
1441 2152 1.317628
3065 3264 3.260365
1426 1454 3.894672
1129 1220 0.473922
1454 2941 4.75541
3034 3065 1.848028
1130 1250 4.33217
3076 3146 4.248915
352 1429 0.149048
1426 3476 4.759357
489 876 4.692568
3065 3242 2.407975
1098 1129 1.885914
489 876 4.692568
3065 3221 4.648591
564 1352 4.508761
479 862 2.019929
566 599 0.890553
352 3160 0.729924
3241 3242 2.712996
1424 2204 0.243555
2984 3096 1.82105
3242 3406 3.901189
352 3097 1.406465
1294 1353 3.221803
352 3227 4.809284
1429 1501 3.218073
1021 1353 0.736421
3120 3353 1.629764
862 1149 1.748877
3406 3439 3.336209
466 1278 2.832711
403 1378 1.243406
1821 3909 4.645956
479 876 3.693754
862 1250 4.896327
1098 1352 1.50271
352 2152 1.126216
3136 3242 3.157707
3146 3439 3.401663
1423 2165 3.948784
479 1220 3.95409
1043 1220 1.076547
479 1220 3.95409
1313 1378 4.285292
466 1098 2.841137
3120 3146 4.925868
2984 3097 1.382377
3076 3146 4.248915
2204 1453 3.457889
2984 3406 2.381496
3136 3406 1.503956
757 1294 2.344528
876 1129 3.739942
503 1220 2.801204
3097 3353 0.711117
879 1043 0.848953
862 1043 1.512477
3076 3221 0.082605
3160 2150 1.179803
489 876 4.692568
2150 3476 1.022633
3034 3155 1.918708
1423 1441 2.244834
2204 1441 1.234249
366 1313 4.483252
466 1129 0.857341
403 1068 0.518455
466 1278 2.832711
503 1220 2.801204
3616 3877 0.383569
566 1146 1.079342
3120 3242 4.599859
599 1146 1.635103
2984 3034 2.552788
352 3076 4.816335
503 1098 3.181566
1429 1501 3.218073
352 2939 3.770228
352 2988 4.440659
3146 3406 3.148041
1149 1294 1.843935
2984 3120 0.075034
3065 3241 4.173404
3051 3241 0.161824
3096 3264 3.668946
876 1098 4.250856
3160 2152 3.94801
3264 3439 3.742026
1068 1378 1.141492
3096 3264 3.668946
1426 2204 3.267373
2984 3120 0.075034
3076 3136 0.993127
503 876 3.433977
1424 1441 4.750925
352 3344 0.651108
3065 3406 1.875346
3616 3877 0.383569
2700 2902 3.595113
403 1017 0.124786
3034 3146 0.552415
1441 2150 4.184192
3096 3353 0.107255
1453 1454 1.37102
1278 1352 0.045724
352 1472 2.579383
3097 3146 2.06687
1278 1353 3.480237
3227 3344 4.583267
3065 3155 3.638397
489 1149 2.57825
3146 3221 3.400573
3096 3241 1.446141
540 862 2.825047
3120 3406 2.598228
3096 3406 0.264824
352 1423 3.940506
3120 3439 2.191676
3096 3097 3.153628
366 1068 0.621929
479 1043 3.032564
757 1353 2.072825
1313 1378 4.285292
2152 1472 0.506632
2150 2162 4.462298
1429 1501 3.218073
3051 2162 0.832797
3034 3076 1.436438
366 403 3.330289
3065 3136 2.675744
3051 3221 2.492333
3076 3221 0.082605
352 2162 2.690131
3136 3241 0.234614
366 599 4.438734
3034 3155 1.918708
3136 3241 0.234614
2152 2218 4.2836
3034 3097 4.841347
876 1278 3.128905
862 879 4.946297
757 1294 2.344528
352 3136 4.953394
2165 1501 3.484783
3160 2150 1.179803
2162 3476 4.770336
2984 3221 3.857056
876 1043 3.025368
3051 3096 3.599095
1441 1501 0.086988
506 1313 1.801713
876 1352 1.67444
503 1352 3.43695
3180 3227 2.85048
1043 1130 3.181366
3065 3136 2.675744
489 1043 2.856649
2204 1501 4.433578
1429 1453 3.380367
352 3227 4.809284
2984 3221 3.857056
1130 1278 0.77543
1077 1313 1.324601
1426 1501 4.008982
1851 1979 2.972069
1220 1352 3.763491
3264 3406 0.088838
566 599 0.890553
862 1043 1.512477
403 1378 1.243406
1424 1429 1.962411
876 1220 3.233786
3241 3264 4.084533
1424 2218 0.07639
862 1098 1.591024
876 1130 2.210902
876 1353 2.308362
876 1352 1.67444
352 1453 3.187608
352 1454 3.51994
564 1098 4.602444
3076 3264 1.747599
122 342 0.327163
466 1250 3.640902
3136 3406 1.503956
2984 3096 1.82105
844 1146 3.549306
1423 2150 0.615777
3076 3264 1.747599
3221 3241 4.443055
3136 3241 0.234614
366 403 3.330289
3097 3155 1.650529
1068 1313 1.005752
466 879 3.590411
2204 1453 3.457889
352 3221 1.667233
1129 1250 4.186878
871 1316 4.542074
466 564 2.91464
1130 1250 4.33217
1429 2165 4.533562
564 1129 4.567875
3120 3264 1.032223
3076 3439 0.77777
1424 1501 2.985285
352 3353 4.346925
876 1098 4.250856
3160 3476 1.038295
352 3120 3.342883
876 1129 3.739942
352 3242 1.009075
1426 2150 2.195372
3120 3264 1.032223
3096 3221 4.760916
1424 1501 2.985285
489 1149 2.57825
564 1129 4.567875
352 1453 3.187608
2150 2218 3.819671
352 3242 1.009075
2204 2152 0.107302
3155 3406 3.519443
352 2204 1.114145
2165 1501 3.484783
3136 3241 0.234614
1029 1146 2.975517
352 2941 1.637767
3616 3877 0.383569
1424 2150 1.222412
3051 3242 4.783687
3241 3439 3.449647
1423 1429 4.759225
3160 2162 4.769692
3065 3136 2.675744
1017 1316 3.768513
352 1424 3.6421
1423 1424 2.1844
3155 3241 3.473039
1077 1378 0.052539
1426 1453 2.450877
466 1043 3.421096
2984 3097 1.382377
1043 1130 3.181366
3160 3476 1.038295
403 1068 0.518455
1426 1429 1.151798
3120 3146 4.925868
352 2152 1.126216
879 1021 0.836943
3120 3264 1.032223
2204 2941 2.479413
506 1313 1.801713
489 1149 2.57825
3120 3242 4.599859
2984 3034 2.552788
564 1098 4.602444
3146 3439 3.401663
352 3221 1.667233
3160 3476 1.038295
3034 3065 1.848028
1426 2162 0.712309
1429 2150 0.370431
3097 3242 1.789798
