2235 2178 2.441607
1063 2144 3.004529
3079 3252 4.998355
1433 2137 4.427057
933 1083 2.368047
2440 2527 2.336066
2079 2046 3.179453
1564 1693 4.52607
2954 3136 3.842775
1432 1443 0.32271
3025 3237 0.102979
1867 1890 1.383817
1883 1926 0.697489
3923 3976 3.274002
2145 3399 3.464869
2096 2626 3.05376
709 1045 2.15853
3155 3273 1.156712
1056 1106 0.40872
2951 3295 3.203701
402 1203 0.711798
411 1394 4.413567
3624 3716 1.484801
2269 2625 2.348449
777 862 3.992201
2573 2665 2.009268
3271 2229 1.979302
503 1096 0.441375
1197 1246 2.947393
1424 3348 4.557987
2974 3226 4.210511
2325 2668 0.92059
527 968 2.485955
3510 3797 1.657388
2334 2400 3.234723
1461 1485 1.62159
3053 3141 3.555804
1719 378 2.077454
3575 3758 3.389672
690 833 3.903578
1458 1503 3.611874
1689 1702 4.774031
1034 1365 2.187587
3152 3234 2.809672
2944 3295 4.472051
1539 1542 3.601165
882 1147 2.409679
3283 3296 4.449765
419 428 3.500687
3191 3294 3.51953
2966 3141 2.860022
3141 3295 1.422369
1424 2137 3.431979
2137 1458 2.903412
3025 3234 1.661339
1539 1542 3.601165
3252 3273 2.270557
777 1056 4.687103
2137 1458 2.903412
3295 3399 1.834724
2145 3296 4.981689
411 1106 2.739739
1203 1503 3.501439
1433 2137 4.427057
411 1083 3.234491
2944 3155 3.344927
3136 3295 3.152628
1424 1443 0.410105
1485 2229 3.5106
3053 3079 3.488747
3053 3141 3.555804
3152 2145 2.202314
933 1045 2.585709
1424 1503 3.686567
3624 3716 1.484801
3237 3399 0.965002
2944 3237 2.280981
2944 3152 0.780529
1432 1433 4.324981
862 1203 3.760988
1045 1197 0.806999
1063 1424 1.24917
1443 1458 3.347369
882 1147 2.409679
2944 2954 1.522446
2966 3155 2.554795
2954 3283 4.809471
2944 2145 3.910074
2944 3152 0.780529
1432 1458 4.904616
428 882 0.416614
2954 3234 0.322803
402 1045 2.444429
2145 3294 3.404297
3252 3296 4.060152
1539 1702 3.21375
933 1197 1.495739
2954 3296 4.543253
862 1096 2.960171
3252 3294 0.461325
3237 3283 3.359174
2145 3294 3.404297
2951 3234 4.312353
1045 1246 2.637104
1424 1458 3.558141
777 1197 0.206945
1045 1197 0.806999
1063 2144 3.004529
3155 3252 1.011469
1197 1246 2.947393
3141 2145 0.331105
2944 3053 4.724594
1096 1197 2.18936
3191 2145 1.060264
3152 3273 1.564739
3234 3252 2.494282
3053 3295 1.70826
2145 3283 3.08142
3155 3273 1.156712
428 690 2.213248
1424 1432 4.947529
1433 1458 4.723643
1564 1693 4.52607
2944 3252 0.522556
2966 2145 3.637574
3152 3294 0.38461
2954 3283 4.809471
3025 3237 0.102979
3624 3716 1.484801
2229 1503 2.459522
1443 1503 1.665313
2966 3283 3.433254
3155 2145 1.719287
527 968 2.485955
3136 3283 4.748038
2144 1461 3.482981
3252 3295 3.488074
1063 2229 4.897301
2944 3294 4.526654
2954 3283 4.809471
2145 3294 3.404297
3053 3234 1.61461
1424 1461 4.479456
3079 3136 1.352438
3053 3294 0.915197
1063 1432 3.647022
1063 1433 1.464008
690 1147 4.635508
3141 3152 3.500379
419 428 3.500687
3079 3141 0.418042
1045 1197 0.806999
3252 3296 4.060152
402 503 4.468642
402 1083 2.554174
411 503 1.039454
2966 3079 3.397624
1063 2137 0.182469
1424 1433 0.890417
2966 3191 3.390768
411 777 1.044312
2145 3252 0.275657
1096 1197 2.18936
862 1083 0.659759
2944 3053 4.724594
1867 1883 4.36374
3053 3141 3.555804
2145 3296 4.981689
1867 1883 4.36374
2951 2145 1.386915
2625 2665 1.491888
2954 3399 2.119883
2954 3136 3.842775
3237 3283 3.359174
2440 2527 2.336066
2951 3283 4.103838
2325 2668 0.92059
2944 2966 3.017299
3079 3152 2.698256
777 1246 0.535286
777 1045 1.12124
1203 2137 3.124322
3155 3294 1.025628
3025 3234 1.661339
3025 3191 0.42356
833 882 3.368373
3141 3252 4.76973
2944 2954 1.522446
2944 3283 3.314586
1045 1197 0.806999
1432 2144 2.787022
3025 3136 4.221822
1424 1432 4.947529
411 503 1.039454
1056 1246 3.299071
1063 1503 4.537094
2944 2966 3.017299
3152 3237 1.183764
2951 3273 3.267038
862 933 2.416504
1432 1458 4.904616
1063 1461 1.962071
2966 3273 3.907842
2954 3079 0.29255
2954 3295 1.05251
1063 1203 3.202271
3191 2145 1.060264
402 1096 0.970232
1461 1503 2.974646
1063 1424 1.24917
2974 3226 4.210511
2954 3273 3.408376
690 1147 4.635508
1063 2144 3.004529
2944 3234 4.209074
411 1083 3.234491
3141 3294 3.379629
1063 1443 3.758529
2269 2400 3.097158
1432 1433 4.324981
1890 1926 2.025372
3079 3273 3.475834
777 1197 0.206945
2944 2145 3.910074
2951 3053 3.610662
3141 3294 3.379629
1203 1458 3.227442
3234 3294 3.289917
933 1056 3.01865
2145 3234 0.466867
3136 3273 1.745283
1045 1083 3.170012
3252 3295 3.488074
2145 1458 4.91925
1203 1443 3.725492
1461 3271 4.58714
2954 3141 0.518278
503 1083 0.341798
3575 3758 3.389672
402 862 3.567826
503 1096 0.441375
2966 3152 0.61285
1063 2229 4.897301
1063 1485 2.383211
3141 3252 4.76973
3025 3295 2.236514
3155 2145 1.719287
1424 2137 3.431979
2954 3296 4.543253
3234 3283 4.969507
777 1045 1.12124
1063 2229 4.897301
1045 1083 3.170012
3283 3296 4.449765
2966 3295 2.962751
2145 3252 0.275657
3252 3296 4.060152
1203 1458 3.227442
862 1045 0.199108
777 1056 4.687103
1203 1394 3.98119
3234 3252 2.494282
2954 3136 3.842775
3079 3141 0.418042
3025 3053 2.966465
1063 1203 3.202271
3294 3399 1.472256
3191 3294 3.51953
3079 3399 2.604398
1424 3348 4.557987
1063 1461 1.962071
2137 1461 0.163117
1063 1485 2.383211
3234 3399 4.671687
503 777 1.888523
3136 3234 0.117162
3237 3399 0.965002
862 1045 0.199108
1424 2137 3.431979
3294 3296 2.684633
3191 3273 1.516471
1045 1083 3.170012
2096 2626 3.05376
1424 1485 4.741419
2269 2625 2.348449
2944 2966 3.017299
3155 3295 2.72903
2944 3252 0.522556
933 1096 4.057311
3025 3283 2.057824
1433 1458 4.723643
402 411 1.157392
3283 3294 3.90697
3079 3294 4.153554
1045 1083 3.170012
2079 2046 3.179453
2137 1461 0.163117
2951 2145 1.386915
2325 2668 0.92059
1203 1424 1.451585
1203 1458 3.227442
411 1203 2.148931
2400 2665 1.915738
3025 3191 0.42356
3025 3273 1.451415
3079 3296 1.29596
2954 3141 0.518278
3234 3296 3.714311
3191 3296 0.323166
1045 1056 0.220101
1542 378 1.175444
1203 1443 3.725492
3141 3252 4.76973
3079 3152 2.698256
1063 1458 0.764515
1203 1503 3.501439
3053 3141 3.555804
2144 1461 3.482981
3025 3053 2.966465
3191 3294 3.51953
2145 3283 3.08142
3191 3399 2.969088
1890 1926 2.025372
3025 3295 2.236514
862 1045 0.199108
1443 1458 3.347369
402 1096 0.970232
3152 3191 1.508729
3155 3294 1.025628
933 1246 3.53542
2951 2145 1.386915
1063 1433 1.464008
2954 3296 4.543253
3141 3191 4.604649
862 933 2.416504
2954 3053 2.390658
1063 1424 1.24917
1063 2229 4.897301
1203 2144 3.900918
2951 3273 3.267038
2440 2527 2.336066
3079 3155 4.580528
503 1096 0.441375
1432 1458 4.904616
3136 3252 3.202681
690 833 3.903578
2966 3252 1.868394
2944 3296 1.76604
503 1096 0.441375
3234 3296 3.714311
2944 2951 2.217024
1063 2144 3.004529
862 1045 0.199108
402 411 1.157392
1056 1246 3.299071
2966 3155 2.554795
1719 378 2.077454
3136 3237 0.880237
3079 3294 4.153554
402 1096 0.970232
1424 2137 3.431979
3155 3252 1.011469
1443 3348 4.0017
3025 3294 4.074031
3079 3141 0.418042
2966 3234 0.555134
3136 3399 1.588394
2966 3295 2.962751
3152 3296 3.656416
2944 3296 1.76604
1063 1433 1.464008
3136 3295 3.152628
2966 3294 3.803056
2966 3399 2.501034
2966 2145 3.637574
3141 3252 4.76973
1424 1503 3.686567
3155 3234 2.530884
503 1197 3.960594
3053 3136 3.240231
3141 3294 3.379629
3237 3283 3.359174
3152 3295 4.132127
411 1045 1.124805
3136 3283 4.748038
690 833 3.903578
3294 3295 3.374944
3141 3191 4.604649
2954 3136 3.842775
3152 3234 2.809672
3575 3758 3.389672
3273 3296 0.529562
3237 3399 0.965002
2145 1458 4.91925
1458 1485 0.915064
2966 3399 2.501034
1433 1485 2.576359
2951 3141 2.33809
2966 3295 2.962751
3296 3399 3.456033
503 1246 3.973439
862 1056 2.676665
3237 3399 0.965002
1424 1461 4.479456
1485 1503 0.358789
3079 3273 3.475834
1443 1461 2.86632
411 1106 2.739739
3025 2145 3.767766
777 1246 0.535286
1443 3348 4.0017
2145 3237 2.35628
2951 3141 2.33809
1197 1246 2.947393
2966 3283 3.433254
3079 3155 4.580528
3273 3295 3.046976
3053 3296 0.725508
933 1197 1.495739
3283 3296 4.449765
3155 3295 2.72903
402 862 3.567826
1045 1056 0.220101
1063 1443 3.758529
1056 1106 0.40872
3141 3234 2.789503
2951 3136 0.474346
2137 1458 2.903412
411 1045 1.124805
2944 3294 4.526654
1063 1424 1.24917
503 777 1.888523
2966 3155 2.554795
3136 3191 3.173252
2334 2400 3.234723
2944 3295 4.472051
2137 1458 2.903412
411 1394 4.413567
2145 3234 0.466867
2269 2400 3.097158
3053 3294 0.915197
1867 1890 1.383817
2400 2665 1.915738
3191 3294 3.51953
2944 3053 4.724594
3136 3296 1.227013
1083 1096 0.161648
1424 1443 0.410105
690 833 3.903578
3053 3155 0.169848
2966 3294 3.803056
2229 1503 2.459522
833 882 3.368373
1485 1503 0.358789
3141 3155 1.637223
428 882 0.416614
402 411 1.157392
1063 1424 1.24917
1063 1424 1.24917
1542 1719 3.256408
1432 2144 2.787022
3152 3296 3.656416
3053 3136 3.240231
3079 3234 0.322408
1063 1443 3.758529
3234 3252 2.494282
1045 1246 2.637104
3237 3252 1.3885
3053 2145 4.284413
3079 3296 1.29596
3152 3234 2.809672
2954 3234 0.322803
2974 3226 4.210511
2944 3252 0.522556
2944 2951 2.217024
411 1203 2.148931
3053 3155 0.169848
2966 3252 1.868394
3141 3252 4.76973
3079 3152 2.698256
2966 3191 3.390768
1063 1432 3.647022
2944 3155 3.344927
2096 2626 3.05376
2235 2178 2.441607
3273 3283 2.99607
2145 3252 0.275657
3234 3294 3.289917
3025 3152 0.883592
3152 3295 4.132127
862 1246 3.084125
3053 3152 2.173205
2966 3296 4.949423
419 1147 0.524666
1063 1485 2.383211
2966 3252 1.868394
1063 1424 1.24917
1045 1096 4.0735
503 1394 4.658444
777 1197 0.206945
2145 3294 3.404297
411 503 1.039454
3079 3141 0.418042
3141 3155 1.637223
1203 2137 3.124322
3141 2145 0.331105
1458 1503 3.611874
3025 3273 1.451415
2951 3237 0.406296
1063 1443 3.758529
2145 3234 0.466867
3510 3797 1.657388
1433 2144 0.126041
2966 3252 1.868394
2944 2145 3.910074
1424 1485 4.741419
1045 1197 0.806999
2145 3252 0.275657
3136 3399 1.588394
1424 1443 0.410105
1203 1458 3.227442
1458 1485 0.915064
933 1045 2.585709
1203 1485 0.447433
3053 3283 3.948108
503 1246 3.973439
3141 3234 2.789503
2145 3237 2.35628
3025 3237 0.102979
933 1246 3.53542
3295 3399 1.834724
2954 3295 1.05251
3923 3976 3.274002
2440 2527 2.336066
3136 3237 0.880237
3252 3273 2.270557
3053 3152 2.173205
2966 3295 2.962751
1424 1458 3.558141
2966 3155 2.554795
1056 1106 0.40872
3294 3295 3.374944
777 1197 0.206945
2944 3294 4.526654
402 1197 2.119308
3053 3155 0.169848
3053 3152 2.173205
503 1246 3.973439
2951 3283 4.103838
1461 3271 4.58714
1443 1458 3.347369
2944 3252 0.522556
3136 2145 2.843564
2966 3252 1.868394
2966 3296 4.949423
3053 3252 4.487826
1433 2229 2.399815
2966 3294 3.803056
411 1056 3.059993
2974 3226 4.210511
1424 1461 4.479456
1432 2144 2.787022
3053 3296 0.725508
3053 3136 3.240231
2944 3283 3.314586
3155 2145 1.719287
3237 3296 2.629886
3295 3296 4.9466
1045 1197 0.806999
3025 3295 2.236514
1443 3348 4.0017
1063 2144 3.004529
1203 2144 3.900918
2966 3155 2.554795
3025 3283 2.057824
1063 1433 1.464008
862 933 2.416504
3191 3399 2.969088
2269 2400 3.097158
2137 1503 3.855522
3136 3283 4.748038
3053 3191 3.574658
3053 3294 0.915197
3053 2145 4.284413
3141 3234 2.789503
3252 3283 1.023517
411 1096 3.466215
3053 3252 4.487826
2954 3053 2.390658
2944 3234 4.209074
3079 3234 0.322408
1063 2144 3.004529
3079 3234 0.322408
3273 3296 0.529562
933 1083 2.368047
3053 3283 3.948108
1045 1056 0.220101
3053 3152 2.173205
2954 3025 2.009538
411 1106 2.739739
3136 3283 4.748038
1424 2137 3.431979
2966 3141 2.860022
3079 3234 0.322408
2966 3294 3.803056
2334 2527 0.978686
2966 3191 3.390768
402 411 1.157392
2966 3295 2.962751
3053 3079 3.488747
2944 3025 3.203814
1433 2229 2.399815
1424 1443 0.410105
2573 2625 1.278996
2573 2625 1.278996
833 882 3.368373
2145 3295 1.01892
1890 1926 2.025372
3136 3296 1.227013
2137 1485 3.114477
3152 3191 1.508729
1063 1485 2.383211
3155 3295 2.72903
3152 3283 1.396081
1424 1433 0.890417
2137 1461 0.163117
3136 3191 3.173252
2966 3295 2.962751
1083 1246 0.712563
2145 3295 1.01892
2954 3252 4.020754
1424 1443 0.410105
2334 2527 0.978686
3152 3191 1.508729
527 968 2.485955
419 428 3.500687
1063 2137 0.182469
3141 3237 3.612236
3152 3296 3.656416
1443 3226 4.477087
3152 3234 2.809672
3053 3191 3.574658
3252 3294 0.461325
1083 1246 0.712563
3152 3237 1.183764
2145 3296 4.981689
862 933 2.416504
402 1197 2.119308
2966 3191 3.390768
2954 3295 1.05251
2325 2668 0.92059
1045 1083 3.170012
2944 3079 1.136318
933 1083 2.368047
690 1147 4.635508
2966 3273 3.907842
3025 3296 4.083588
2966 3053 1.87271
2966 2145 3.637574
2573 2665 2.009268
3191 3273 1.516471
2966 3053 1.87271
2954 3136 3.842775
2944 3234 4.209074
2944 3136 0.228823
402 1197 2.119308
933 1096 4.057311
777 1056 4.687103
3234 3296 3.714311
402 862 3.567826
1045 1083 3.170012
1424 1458 3.558141
2954 3237 0.880574
3252 3399 1.815237
2966 3252 1.868394
3273 3295 3.046976
2944 3296 1.76604
3252 3296 4.060152
690 833 3.903578
862 1203 3.760988
2954 3079 0.29255
1203 2137 3.124322
2944 3273 1.474066
3053 3296 0.725508
1485 2229 3.5106
2944 2145 3.910074
933 1096 4.057311
3079 2145 1.44857
1432 2144 2.787022
1056 1246 3.299071
2096 2626 3.05376
1063 1424 1.24917
3141 3237 3.612236
1203 1503 3.501439
503 777 1.888523
503 1394 4.658444
2944 3141 0.824204
411 503 1.039454
2954 2966 3.891958
1045 1096 4.0735
3053 3252 4.487826
3136 3296 1.227013
2951 2954 0.654277
2966 3294 3.803056
2954 2145 1.925427
1432 1458 4.904616
1063 1458 0.764515
2334 2400 3.234723
3273 3283 2.99607
2966 3025 3.211571
3079 3252 4.998355
777 1056 4.687103
690 1147 4.635508
1063 1432 3.647022
1461 1485 1.62159
2954 3283 4.809471
3234 3252 2.494282
503 1096 0.441375
2235 2178 2.441607
2954 3053 2.390658
1433 2137 4.427057
411 503 1.039454
2951 3273 3.267038
3079 3283 4.005374
3152 3234 2.809672
777 1083 3.882091
3191 3295 2.742626
3237 3252 1.3885
3053 3237 1.827848
1424 1432 4.947529
3155 3295 2.72903
3294 3296 2.684633
3271 2229 1.979302
2966 2145 3.637574
411 1394 4.413567
1063 1432 3.647022
2269 2527 0.973463
1564 1693 4.52607
1542 1719 3.256408
2145 3273 4.674621
2269 2400 3.097158
709 1045 2.15853
3053 3283 3.948108
3053 3252 4.487826
3273 3294 3.943479
1063 1424 1.24917
1045 1083 3.170012
1034 1365 2.187587
2334 2400 3.234723
3234 3296 3.714311
3252 3399 1.815237
3053 2145 4.284413
3053 3136 3.240231
2954 3273 3.408376
690 833 3.903578
933 1096 4.057311
3079 3283 4.005374
1433 1485 2.576359
419 1147 0.524666
862 1045 0.199108
862 1246 3.084125
3053 3273 2.959757
402 411 1.157392
1045 1197 0.806999
1461 3271 4.58714
1203 1458 3.227442
3283 3399 1.461582
3053 3283 3.948108
1197 1246 2.947393
3191 3296 0.323166
1542 1719 3.256408
1432 2144 2.787022
1433 1443 3.032899
2944 3237 2.280981
862 1056 2.676665
2954 3252 4.020754
690 833 3.903578
2145 3252 0.275657
1424 1432 4.947529
862 1246 3.084125
3025 3053 2.966465
1461 3271 4.58714
1203 1485 0.447433
2954 3283 4.809471
3273 3399 4.083201
3025 3237 0.102979
3141 3295 1.422369
3053 3079 3.488747
1443 1503 1.665313
3141 3191 4.604649
2954 3079 0.29255
419 1147 0.524666
2440 2527 2.336066
3155 3234 2.530884
3141 3283 3.867985
3152 3295 4.132127
2966 3294 3.803056
1433 2137 4.427057
3136 3252 3.202681
503 777 1.888523
1542 378 1.175444
2944 3053 4.724594
1443 3226 4.477087
1203 1485 0.447433
3191 3296 0.323166
3155 3234 2.530884
2951 3234 4.312353
3271 2229 1.979302
2944 3295 4.472051
3053 3079 3.488747
1203 1485 0.447433
3191 3296 0.323166
1433 1503 1.880616
3025 3234 1.661339
2944 3141 0.824204
411 1096 3.466215
1083 1246 0.712563
3141 3234 2.789503
1539 1702 3.21375
527 968 2.485955
3296 3399 3.456033
3136 3399 1.588394
2944 2954 1.522446
2954 3025 2.009538
2944 3283 3.314586
428 690 2.213248
833 1147 4.559157
3136 3234 0.117162
1034 1365 2.187587
1539 1702 3.21375
428 1147 1.013156
2966 3025 3.211571
3155 3234 2.530884
3136 3399 1.588394
3079 3141 0.418042
2954 2145 1.925427
933 1045 2.585709
3136 3191 3.173252
3053 3237 1.827848
3079 3296 1.29596
1458 1485 0.915064
2966 3191 3.390768
527 968 2.485955
2137 1485 3.114477
3079 3294 4.153554
3053 3191 3.574658
411 1083 3.234491
402 1083 2.554174
3079 3296 1.29596
1539 1542 3.601165
3252 3296 4.060152
3053 3155 0.169848
3079 3273 3.475834
1063 1458 0.764515
2944 3136 0.228823
2944 3294 4.526654
1063 2137 0.182469
2966 3053 1.87271
2229 1503 2.459522
1883 1926 0.697489
2966 3283 3.433254
3294 3296 2.684633
1461 1503 2.974646
1433 2144 0.126041
3155 3234 2.530884
411 1045 1.124805
862 1246 3.084125
1096 1246 3.234082
402 1197 2.119308
3271 2229 1.979302
2944 3296 1.76604
3025 3079 1.312205
3191 2145 1.060264
2951 3296 4.606367
2137 1458 2.903412
3079 3283 4.005374
3273 3399 4.083201
2954 3237 0.880574
2954 2966 3.891958
2573 2625 1.278996
709 1045 2.15853
2137 1443 1.171549
3273 3294 3.943479
3191 3294 3.51953
2951 3234 4.312353
1433 1443 3.032899
3053 3273 2.959757
2944 3296 1.76604
3234 3252 2.494282
2944 3252 0.522556
833 1147 4.559157
3237 3283 3.359174
2954 3234 0.322803
2954 3136 3.842775
882 1147 2.409679
2137 1461 0.163117
3025 3296 4.083588
1424 1485 4.741419
1063 2229 4.897301
2951 3296 4.606367
3152 3273 1.564739
2954 3294 2.772419
2229 1503 2.459522
777 1045 1.12124
1867 1883 4.36374
3141 3295 1.422369
709 1045 2.15853
1424 3348 4.557987
3141 3237 3.612236
2137 1443 1.171549
3136 3234 0.117162
3152 3294 0.38461
3025 3234 1.661339
2951 3152 4.66894
419 1147 0.524666
3053 3237 1.827848
2079 2046 3.179453
3155 3294 1.025628
1443 3226 4.477087
402 1203 0.711798
1433 2137 4.427057
2966 2145 3.637574
2944 3136 0.228823
777 1246 0.535286
3252 3296 4.060152
