1457 2155 0.883362
588 1297 0.397805
359 1363 0.892667
349 1812 2.418136
598 1106 3.814942
2550 2619 0.753711
610 987 1.007028
1485 2232 1.110942
3277 3280 4.667344
1600 1669 2.18785
352 3369 0.34484
799 913 2.942815
1795 1796 1.541665
2523 2537 4.811077
474 763 4.31578
3992 4009 2.802331
3558 3975 0.745318
3301 3307 4.197543
442 889 4.537957
1254 1259 2.810217
3358 3410 2.347068
649 1066 2.747846
492 1199 3.163616
602 1301 4.810592
2131 2229 2.092188
2552 2750 3.671501
1274 1318 2.504178
107 1327 0.815486
3686 3916 2.166282
2104 2847 3.136951
109 303 1.598895
1172 1193 4.659468
737 793 3.659616
3025 3236 4.221461
2606 2932 0.16816
514 1220 3.626066
951 1480 0.57174
3197 3234 4.697074
1821 3947 4.453564
917 1330 2.392529
2508 2729 4.27946
3212 1464 0.971634
3666 3723 0.348458
242 346 0.985376
435 958 0.524847
2963 1411 3.095935
685 1312 1.040565
2945 2977 1.057501
1414 3481 4.351946
3053 3235 1.748069
3307 2229 2.755886
3053 3234 1.61461
2523 2619 4.09336
1312 1318 2.520243
2977 3053 1.321258
1199 1274 0.724609
352 3236 2.305672
917 1301 1.571442
352 3197 3.118226
2963 1411 3.095935
107 1312 2.96203
737 793 3.659616
2104 2847 3.136951
352 1480 3.01441
2552 2750 3.671501
107 492 2.920505
352 3280 4.698261
602 1330 4.591848
685 1220 3.970668
1411 3358 4.190135
352 3236 2.305672
2977 3234 0.210121
1821 3686 1.935799
352 3234 1.603401
1254 1330 0.159437
107 588 2.262119
2537 2550 2.665775
352 3234 1.603401
2131 1457 1.387223
107 598 1.185031
107 763 1.347859
2550 2619 0.753711
352 3212 1.309236
602 1312 1.616477
514 1220 3.626066
352 1464 1.548383
359 799 2.973827
2550 2932 4.321407
107 1259 3.545914
1199 1254 3.547077
1318 1327 0.295352
1106 1301 1.701607
3025 3197 4.845739
917 1312 4.185711
2537 2750 1.657843
1199 1318 1.878008
352 3358 3.906203
610 1327 4.146134
685 1318 3.781385
492 1327 3.60855
1600 1669 2.18785
1199 1254 3.547077
2131 1457 1.387223
799 913 2.942815
2945 3197 2.356359
685 1327 0.725496
352 3410 2.517645
610 1312 3.319627
107 1327 0.815486
435 958 0.524847
3236 3410 4.427338
951 352 4.306531
649 1274 2.444043
352 2229 4.831213
1199 1301 0.182815
3235 3410 3.665708
1480 2229 1.547138
349 1812 2.418136
349 1795 0.182932
352 2229 4.831213
352 3212 1.309236
1457 1485 1.86334
1318 1327 0.295352
2945 2977 1.057501
352 3234 1.603401
649 1274 2.444043
107 1199 4.38612
2537 2750 1.657843
602 1312 1.616477
352 3277 4.123089
1301 1312 4.925578
107 799 4.497821
649 1066 2.747846
107 1220 2.958703
3212 1464 0.971634
1411 2131 3.810604
107 1259 3.545914
352 3358 3.906203
107 951 1.360092
107 1312 2.96203
1480 2232 4.582594
3234 3280 0.146542
1485 2229 3.5106
2977 3369 4.855385
2606 2932 0.16816
598 1312 3.601163
435 958 0.524847
2523 2550 4.772102
1106 1330 1.972904
107 913 3.622489
2537 2619 1.728812
917 1301 1.571442
492 610 1.7171
107 1330 4.317395
1220 1259 4.251231
1414 3481 4.351946
3235 3236 4.916993
107 610 1.172266
3992 4009 2.802331
474 763 4.31578
3053 3197 3.124873
685 1330 3.41103
2550 2750 0.037276
649 1199 3.569858
3234 3280 0.146542
492 685 2.594159
107 1193 3.740553
1066 1318 3.810448
3235 3236 4.916993
107 1301 4.879841
492 1301 0.425012
107 649 2.319395
1480 1485 3.909932
1411 2232 1.990071
3053 3234 1.61461
492 1318 2.624079
3053 3234 1.61461
1254 1330 0.159437
3236 3358 1.563438
492 685 2.594159
2750 2932 3.097151
2963 3277 4.788588
2606 2619 2.312841
917 1301 1.571442
514 649 3.49544
2977 3053 1.321258
951 1485 2.408359
107 1318 0.023463
352 3234 1.603401
685 1312 1.040565
602 1301 4.810592
588 1297 0.397805
352 3307 0.367161
352 3358 3.906203
913 1363 2.76894
1821 3916 0.626308
610 1327 4.146134
352 3277 4.123089
951 1457 1.261856
1821 3916 0.626308
352 2945 4.148159
1821 3723 1.752618
3234 3236 1.453191
352 3236 2.305672
1254 1259 2.810217
107 1254 0.759242
2131 1457 1.387223
242 346 0.985376
1480 1485 3.909932
602 1301 4.810592
107 889 1.249856
3025 3053 2.966465
2508 2729 4.27946
107 1254 0.759242
610 1259 4.900155
1821 3916 0.626308
1414 1464 2.566522
2977 3234 0.210121
2508 2104 3.499714
2750 2932 3.097151
1199 1318 1.878008
492 917 0.38558
2977 3369 4.855385
1821 3975 0.143621
1066 1301 2.927578
352 2155 2.719118
349 1796 4.532031
685 1312 1.040565
2750 2932 3.097151
951 1480 0.57174
2552 2619 1.665295
1600 1669 2.18785
598 1274 1.00528
2155 1480 1.818705
352 2977 4.10524
3277 3280 4.667344
3025 3234 1.661339
2945 3025 0.129533
1274 1312 4.470608
1411 3277 1.639484
649 917 3.803282
3025 3358 3.583684
951 2131 2.766216
917 1199 2.318822
1106 1274 3.979039
951 2131 2.766216
1414 3481 4.351946
352 2945 4.148159
598 1274 1.00528
598 1106 3.814942
1457 3301 1.880929
107 737 0.927592
602 1330 4.591848
514 1318 3.459896
2131 1457 1.387223
1600 1669 2.18785
685 1274 2.185403
352 2155 2.719118
3025 3234 1.661339
951 1411 1.488746
492 610 1.7171
3234 3410 2.584002
917 1330 2.392529
1106 1318 3.377866
1220 1259 4.251231
2977 3369 4.855385
1274 1318 2.504178
107 913 3.622489
3212 1464 0.971634
2508 2104 3.499714
3025 3197 4.845739
1821 3975 0.143621
1106 1274 3.979039
2131 1485 0.12408
1106 1274 3.979039
951 2155 3.8709
685 1312 1.040565
685 1330 3.41103
685 1199 2.415175
107 958 1.619874
3236 3410 4.427338
2523 2537 4.811077
1199 1301 0.182815
598 1274 1.00528
1254 1330 0.159437
359 799 2.973827
107 514 2.024409
107 588 2.262119
2945 3234 1.712422
352 3369 0.34484
2537 2932 3.485324
917 1220 0.279925
107 588 2.262119
3053 3234 1.61461
352 3197 3.118226
1411 3358 4.190135
492 1318 2.624079
1821 3686 1.935799
2619 2750 2.833297
107 602 1.519965
602 1301 4.810592
2537 2932 3.485324
107 1363 2.712942
3558 3975 0.745318
1172 1193 4.659468
1821 3723 1.752618
649 1066 2.747846
352 3053 3.079796
3025 3235 2.119606
685 1312 1.040565
610 1220 1.534625
3235 3410 3.665708
1199 1301 0.182815
1066 1327 1.440456
2945 3236 4.580767
610 1330 4.034604
685 1220 3.970668
2945 3053 3.863816
737 793 3.659616
352 3053 3.079796
1318 1327 0.295352
3197 3235 3.723628
2945 3234 1.712422
474 763 4.31578
685 1330 3.41103
685 1199 2.415175
2945 3234 1.712422
107 1106 3.149742
352 1464 1.548383
602 1312 1.616477
107 610 1.172266
3053 3358 1.949171
3197 3235 3.723628
2550 2932 4.321407
352 1464 1.548383
3234 3236 1.453191
352 2232 1.231783
1480 2229 1.547138
2963 1411 3.095935
610 1330 4.034604
1600 1669 2.18785
737 793 3.659616
107 958 1.619874
107 763 1.347859
352 3025 4.28723
1457 3307 0.635056
1821 3975 0.143621
3197 3235 3.723628
352 2155 2.719118
107 1301 4.879841
