3018 3462 3.960483
3085 3400 1.751003
1582 1720 2.502453
2246 2583 1.623034
1424 2168 0.18302
1049 1320 2.630338
1419 1420 1.479094
815 1318 1.355825
2127 2128 0.158711
1131 1329 0.847817
2989 3391 0.839156
2723 2839 0.322294
107 403 4.790428
3241 3411 0.496198
1538 1620 4.066431
2638 2840 0.438392
405 1227 4.273727
1438 1477 3.160514
433 1070 1.567831
813 1104 2.666873
1821 3735 1.280309
2551 2908 0.434008
170 290 1.60661
1749 1817 2.077122
3757 3871 0.537929
3136 3457 4.577033
3538 3656 1.737183
1063 2199 0.601833
479 1086 3.666161
3226 3304 4.458708
3096 3252 1.890422
3640 3778 4.442282
3004 3142 2.66884
2487 2778 4.170502
1434 2164 3.493096
877 1086 1.224779
1604 1616 3.163187
1483 1490 3.001969
2135 1479 0.788758
2443 2484 0.420286
707 1357 1.390828
2798 2885 2.011456
986 1022 3.831324
3080 3184 2.526554
1420 2218 1.24165
3559 3719 2.268326
552 652 1.103496
1075 1099 4.58203
452 1353 2.640713
13 98 0.157647
512 855 2.228313
1063 2199 0.601833
2127 1434 1.171318
2989 3136 1.442674
877 1075 3.219947
1420 2135 4.797187
815 1318 1.355825
433 1049 4.544628
2484 2583 3.604319
433 1320 2.126734
2246 2484 3.047553
1490 2168 4.683067
1821 3719 3.67755
1424 1490 2.215879
3080 3184 2.526554
3142 3241 3.532974
3096 3136 0.790731
1049 1070 1.358947
1049 1318 0.886394
512 1099 1.416362
2127 2199 3.555765
1063 1490 0.877693
1483 1490 3.001969
3096 3136 0.790731
1477 2164 1.476383
2218 1479 2.246944
512 877 1.104658
3136 1490 0.597981
1424 1490 2.215879
1075 1318 0.865773
1420 2135 4.797187
1479 2168 0.835867
877 1086 1.224779
107 707 0.613918
1616 1620 1.387525
1420 2135 4.797187
107 1353 3.413628
3004 3136 1.991126
2127 2218 4.872787
107 1063 2.525721
3241 3462 4.036517
1490 3457 2.623621
107 652 1.655317
3184 1490 0.581218
403 707 0.014248
3142 3391 4.149164
1538 1582 1.64346
1318 1320 0.961873
3004 1490 2.927417
3411 3457 0.293836
1318 1320 0.961873
2551 2908 0.434008
452 1353 2.640713
1434 2218 4.518165
3136 3400 1.146137
3085 3462 0.516051
1099 1353 2.710498
2135 1479 0.788758
3252 3391 3.902998
707 1357 1.390828
2199 1479 0.063976
1063 2127 1.353331
1582 1720 2.502453
652 707 3.016824
1434 1438 4.163064
2989 3142 1.891952
815 1320 2.344195
2218 1477 2.488085
2989 3400 2.952912
3136 3391 0.767769
815 1318 1.355825
855 1320 0.110186
855 1049 1.044649
3391 3457 2.70176
107 1070 2.654635
2989 3096 2.883041
512 855 2.228313
3142 3252 3.135253
2218 1477 2.488085
877 1318 1.474322
1420 1434 1.659776
1434 2218 4.518165
1318 1320 0.961873
3080 3252 2.494771
3136 3457 4.577033
1434 2218 4.518165
403 652 0.61196
3004 3085 2.356369
3080 3096 0.275574
3080 3136 3.796377
2443 2484 0.420286
3136 3241 0.234614
1063 1419 1.218022
2199 1479 0.063976
512 877 1.104658
2989 1490 1.049421
2989 3241 4.393371
107 1022 2.778864
107 1049 2.795741
2127 2168 4.133238
2127 1477 3.084466
1821 3656 2.701744
3004 3252 0.725786
107 815 1.593581
512 1075 1.589496
877 1318 1.474322
3018 3080 1.996196
1063 1490 0.877693
512 877 1.104658
1424 2218 0.07639
107 403 4.790428
3391 3457 2.70176
3085 3142 4.840759
479 1075 4.714408
3226 3304 4.458708
2199 1420 0.079447
3142 3391 4.149164
1434 1490 1.138046
107 512 2.523725
1420 2168 3.082389
2484 2487 3.914214
1063 1419 1.218022
1434 2218 4.518165
512 877 1.104658
3080 3096 0.275574
1438 2218 3.6637
1419 2168 1.161081
1424 1438 1.078296
2128 2199 0.375644
3004 3411 3.366949
552 652 1.103496
1070 1318 4.873194
107 1022 2.778864
552 1227 3.898164
1063 1420 0.57461
107 1353 3.413628
3136 3142 2.841456
2989 3184 0.463856
815 1075 0.887493
2989 3080 2.189753
512 877 1.104658
3096 3252 1.890422
1438 1479 3.755346
1099 1318 1.298501
3142 3391 4.149164
1063 1490 0.877693
3241 3411 0.496198
3142 1490 1.540202
2135 1479 0.788758
433 1099 0.535852
1049 1320 2.630338
2135 2168 3.568891
1434 2218 4.518165
107 1049 2.795741
1070 1099 4.460379
107 452 4.955762
107 813 0.753519
1063 1420 0.57461
512 1075 1.589496
3004 3096 2.030157
170 290 1.60661
3559 3719 2.268326
2484 2487 3.914214
107 1075 4.050215
1063 1438 0.372555
107 1131 4.203706
2989 3400 2.952912
405 1227 4.273727
3096 3142 4.620291
107 855 4.435063
3080 3252 2.494771
3096 3241 1.446141
2989 3136 1.442674
1434 2218 4.518165
3085 1490 2.527293
2127 2168 4.133238
1070 1320 3.77779
479 815 1.107176
1318 1320 0.961873
1419 1420 1.479094
1616 1620 1.387525
3004 3457 0.482477
3080 3411 2.709933
1419 1490 4.977351
3457 3462 4.528581
815 1099 0.370455
3096 3391 1.04152
3457 3462 4.528581
3018 3136 1.447557
1438 2164 0.374182
1749 1817 2.077122
815 1070 4.632349
2551 2908 0.434008
3142 3400 2.384874
2989 3391 0.839156
1063 1477 2.785692
1424 2168 0.18302
1438 2164 0.374182
1063 1420 0.57461
107 1329 2.210348
1424 1438 1.078296
512 1099 1.416362
3004 3411 3.366949
2551 2840 2.568219
2127 1479 4.144198
3142 3184 0.389882
3004 3142 2.66884
2989 3391 0.839156
107 479 0.721718
3096 3400 4.245797
815 1075 0.887493
107 1049 2.795741
3018 3136 1.447557
1419 1490 4.977351
2443 2484 0.420286
3018 3184 4.354027
3004 3252 0.725786
3136 3391 0.767769
3241 3411 0.496198
3080 3136 3.796377
1424 2135 0.193223
1063 2164 1.456556
107 813 0.753519
2199 1479 0.063976
1538 1582 1.64346
3142 3462 1.892362
107 1318 0.023463
986 1022 3.831324
2127 1434 1.171318
2989 3136 1.442674
2127 1477 3.084466
3241 3411 0.496198
1434 1438 4.163064
3142 3462 1.892362
1424 1477 4.724281
3142 3252 3.135253
1420 1424 2.145397
3096 3411 2.824011
552 1227 3.898164
1477 1490 4.12925
403 652 0.61196
3018 3457 1.670373
433 1320 2.126734
1538 1620 4.066431
813 1086 2.995637
1424 1438 1.078296
1438 2218 3.6637
3757 3871 0.537929
2443 2484 0.420286
2218 1477 2.488085
433 1320 2.126734
3142 3400 2.384874
652 707 3.016824
1419 1490 4.977351
107 403 4.790428
107 986 3.026712
1749 1817 2.077122
1063 2218 0.942094
403 552 3.361348
877 1318 1.474322
3136 1490 0.597981
3184 3241 1.231434
3184 1490 0.581218
2127 2128 0.158711
107 1357 3.478501
3004 3400 1.1668
98 170 4.729624
107 552 2.903903
3096 3252 1.890422
552 1227 3.898164
3080 3391 0.400105
170 290 1.60661
1419 1434 2.695994
3080 3411 2.709933
2128 2168 0.871552
1424 1479 4.110463
1419 2168 1.161081
2127 1424 4.293501
3096 3391 1.04152
1821 3871 2.386452
107 1104 0.117677
3080 3391 0.400105
512 1320 4.090281
2127 1420 0.919191
3226 3304 4.458708
652 707 3.016824
1075 1353 3.547263
1063 1483 1.258602
815 1070 4.632349
107 1075 4.050215
2128 1477 2.494222
2127 1420 0.919191
3080 3184 2.526554
3080 3252 2.494771
1075 1320 1.042549
1424 1490 2.215879
1063 2128 1.77888
1070 1320 3.77779
1821 3719 3.67755
815 1049 1.202071
1477 2164 1.476383
1424 1490 2.215879
3085 1490 2.527293
1821 3559 4.19711
1821 3719 3.67755
3184 1490 0.581218
170 290 1.60661
877 1070 0.804916
2135 2218 0.348188
3538 3559 0.44927
1420 2164 2.081973
3018 3184 4.354027
1063 1477 2.785692
3080 3252 2.494771
3136 3457 4.577033
2135 1477 1.277491
3241 3400 4.937526
405 552 4.768127
107 652 1.655317
1049 1070 1.358947
1821 3538 2.490637
2443 2484 0.420286
403 1022 4.285048
1821 3719 3.67755
1434 1479 3.006053
1419 1434 2.695994
2989 3241 4.393371
2127 2128 0.158711
107 707 0.613918
855 1320 0.110186
3018 3462 3.960483
2218 1479 2.246944
815 1099 0.370455
3004 3241 1.864391
1063 2199 0.601833
3018 3457 1.670373
3080 3252 2.494771
3136 3411 3.886293
815 1318 1.355825
107 1022 2.778864
1063 1479 4.249016
433 1049 4.544628
479 877 0.926483
1490 3462 0.695657
107 1227 0.278566
986 1022 3.831324
1434 1490 1.138046
3096 3136 0.790731
107 707 0.613918
2128 2168 0.871552
2135 2218 0.348188
2218 2168 2.668929
2128 2135 0.091031
1483 1490 3.001969
13 98 0.157647
1075 1099 4.58203
433 1049 4.544628
1318 1320 0.961873
815 1318 1.355825
1420 2168 3.082389
107 1049 2.795741
815 877 2.331756
1538 1582 1.64346
403 1022 4.285048
107 986 3.026712
2989 3018 2.516026
1420 2168 3.082389
3142 1490 1.540202
3004 3096 2.030157
1821 3735 1.280309
107 1329 2.210348
107 1320 4.412144
815 1353 0.947008
1420 1490 0.673117
1538 1620 4.066431
1490 2168 4.683067
3080 3096 0.275574
1434 2168 2.388167
452 1353 2.640713
2443 2484 0.420286
107 479 0.721718
107 877 3.355063
3656 3719 0.185557
813 855 4.592783
3136 3391 0.767769
3142 3184 0.389882
815 877 2.331756
1490 3462 0.695657
3018 1490 4.939323
1434 1477 4.258412
3085 3457 2.010785
3018 3142 4.160131
1582 1720 2.502453
3080 3391 0.400105
3080 3136 3.796377
1063 1104 1.295249
3004 3411 3.366949
107 813 0.753519
1063 1104 1.295249
452 1353 2.640713
1438 1477 3.160514
2128 1420 2.81445
2989 3391 0.839156
2199 1479 0.063976
1070 1086 4.899232
2135 2218 0.348188
3656 3719 0.185557
3085 3411 0.9901
107 877 3.355063
1049 1075 4.827984
3184 3241 1.231434
3004 3400 1.1668
815 1070 4.632349
1070 1353 2.172467
3004 3457 0.482477
877 1099 2.815481
3085 3142 4.840759
3136 3252 3.202681
433 1099 0.535852
3018 3080 1.996196
3559 3656 1.577692
1063 2199 0.601833
512 1075 1.589496
1477 1479 1.303963
1420 1490 0.673117
3184 3462 1.532344
3142 3391 4.149164
479 1320 1.798348
3096 3462 3.08214
3018 3462 3.960483
433 1318 2.406862
2989 3457 2.001523
3252 3391 3.902998
1419 1490 4.977351
1438 1479 3.755346
403 552 3.361348
3252 3391 3.902998
2128 2199 0.375644
1075 1318 0.865773
3018 3411 0.987851
3080 3096 0.275574
3004 3411 3.366949
479 1070 2.371614
877 1353 1.519994
1438 1479 3.755346
1049 1099 3.464475
2218 1479 2.246944
3018 3184 4.354027
479 512 2.720316
2199 1420 0.079447
3096 3136 0.790731
3080 3096 0.275574
3018 1490 4.939323
2989 3142 1.891952
479 1070 2.371614
107 877 3.355063
479 877 0.926483
107 552 2.903903
2989 3096 2.883041
1086 1320 3.076597
2443 2484 0.420286
2199 1424 2.921025
1424 1477 4.724281
2128 1420 2.81445
1049 1318 0.886394
3004 3096 2.030157
452 1075 4.298335
813 1049 2.440034
512 1070 0.313952
1049 1320 2.630338
2128 1438 1.882227
3142 3252 3.135253
3136 1490 0.597981
433 877 0.73215
107 877 3.355063
3018 3136 1.447557
107 1049 2.795741
433 1070 1.567831
433 1049 4.544628
2127 2199 3.555765
1131 1329 0.847817
815 1320 2.344195
1419 1483 1.346172
3136 3241 0.234614
1086 1320 3.076597
1424 2168 0.18302
3457 3462 4.528581
403 552 3.361348
3252 3391 3.902998
3080 3391 0.400105
1538 1616 4.045633
3085 3142 4.840759
3096 3252 1.890422
107 479 0.721718
813 1104 2.666873
3136 3400 1.146137
2199 1490 0.626713
512 855 2.228313
3004 3241 1.864391
2989 3411 2.556784
2218 1479 2.246944
433 1049 4.544628
3252 3391 3.902998
2218 1479 2.246944
1434 2164 3.493096
1538 1616 4.045633
107 707 0.613918
3252 1490 0.319583
479 877 0.926483
3252 3457 1.647101
1490 3462 0.695657
3252 3411 2.730234
3142 3462 1.892362
107 1353 3.413628
855 1075 2.414731
1477 1479 1.303963
1075 1320 1.042549
1821 3871 2.386452
3142 3241 3.532974
107 1318 0.023463
452 1075 4.298335
3538 3559 0.44927
3559 3719 2.268326
1821 3757 3.80808
815 1075 0.887493
2443 2487 1.802388
1063 2218 0.942094
2989 3004 0.249511
3085 3400 1.751003
3080 3136 3.796377
2128 1424 3.955261
3085 3142 4.840759
1063 2199 0.601833
3096 3241 1.446141
815 1318 1.355825
1070 1318 4.873194
3085 3096 4.252667
1420 1490 0.673117
3018 3252 3.119517
2128 1419 3.852619
1538 1620 4.066431
707 1357 1.390828
3085 3096 4.252667
1049 1075 4.827984
479 1320 1.798348
2135 1479 0.788758
1821 3538 2.490637
1821 3559 4.19711
1099 1318 1.298501
1538 1582 1.64346
2135 2164 0.99765
3136 3252 3.202681
2135 2218 0.348188
2127 1477 3.084466
2989 3457 2.001523
1420 2218 1.24165
107 813 0.753519
3142 3252 3.135253
3004 3411 3.366949
3184 3462 1.532344
3142 3462 1.892362
1419 1483 1.346172
1049 1075 4.827984
1490 2168 4.683067
815 877 2.331756
3018 3457 1.670373
2127 1419 1.091863
2128 1434 3.21822
433 1049 4.544628
2989 3004 0.249511
512 877 1.104658
877 1075 3.219947
2246 2484 3.047553
2127 2128 0.158711
2638 2840 0.438392
107 855 4.435063
433 479 1.751856
3096 3184 2.955728
815 1070 4.632349
1438 2164 0.374182
1490 2168 4.683067
3226 3304 4.458708
433 877 0.73215
552 1227 3.898164
815 877 2.331756
652 1022 3.89197
107 1086 4.384245
3004 3400 1.1668
1477 2168 0.309842
1063 1477 2.785692
3085 3096 4.252667
1490 3411 2.028922
2164 1490 0.699767
3018 3085 4.624818
813 855 4.592783
3004 1490 2.927417
1063 2127 1.353331
3226 3304 4.458708
2127 2128 0.158711
3004 3142 2.66884
