2490 2872 1.145362
2946 1481 4.367821
433 565 4.623411
3511 3549 0.526924
942 1364 1.128003
40 142 0.277323
3256 3419 0.81709
3201 3294 4.21257
1129 1373 2.265479
906 1002 4.581047
2098 2111 0.017869
2260 2322 4.99223
2127 1422 1.206691
3637 3670 4.2558
752 1071 4.863099
2261 2326 4.55643
3141 3222 0.54012
2980 3247 3.08263
87 322 0.947601
3133 3142 1.676888
2454 2602 0.170483
2295 2699 0.679018
461 890 2.0546
107 817 0.590547
452 771 3.978681
906 908 2.824199
3053 3268 2.795324
3153 3201 0.668457
2284 2527 2.972743
2975 1430 1.816528
359 1569 2.029285
2660 2182 1.43338
612 1100 0.239096
3068 3315 2.833996
2487 2778 4.170502
2819 2110 0.622068
3058 3457 1.529474
1538 1557 0.815744
2426 2704 2.699048
2811 2861 4.702376
2175 2181 1.666365
1006 1145 1.029529
1827 3984 1.005241
2946 3212 3.265386
838 847 3.758757
958 1119 2.140746
2530 2814 0.735444
1284 1362 3.269133
2968 2972 2.397211
2952 1489 2.241162
1896 1975 1.775851
1006 1301 3.42611
847 1100 4.946854
2284 2490 1.420481
612 838 3.619176
906 1006 3.653379
2284 2487 4.51725
612 1364 0.933798
612 1364 0.933798
3068 3222 3.37573
107 565 1.185265
3256 3457 0.408645
838 1301 2.891329
40 142 0.277323
2127 1422 1.206691
1129 1373 2.265479
771 942 0.925992
906 1100 0.237568
2487 2778 4.170502
3256 3268 4.411161
3142 3153 0.162753
817 1364 4.195102
107 1129 4.123625
771 1373 4.348376
565 612 2.33703
2110 2111 0.594189
3068 3222 3.37573
3053 3153 0.062782
2980 3201 2.273057
2819 2110 0.622068
107 890 1.328727
817 942 3.091597
1006 1301 3.42611
838 1006 2.771282
771 1364 1.341664
612 1364 0.933798
107 1006 4.62242
3058 3457 1.529474
771 1364 1.341664
3068 3294 2.755873
3141 3294 3.379629
906 1373 2.428294
433 838 1.938162
2426 2704 2.699048
107 565 1.185265
3142 3256 0.939401
2454 2602 0.170483
612 906 2.753092
3068 3247 2.724208
3058 3141 1.10429
1006 1284 3.058772
3222 3457 2.075528
87 322 0.947601
107 958 1.619874
2487 2704 1.105287
2527 2704 3.341788
2980 3053 0.933161
107 1006 4.62242
1284 1364 4.324613
3511 3549 0.526924
1002 1284 4.763974
3133 3256 3.128359
3247 3457 0.663265
107 433 2.981813
847 942 4.661208
1006 1373 2.878856
107 1301 4.879841
2952 2972 1.737474
838 1364 3.062795
107 1006 4.62242
3058 3153 4.055165
612 1129 3.962107
2946 1489 4.963786
2454 2602 0.170483
3133 3419 4.220557
3058 3201 3.725718
1284 1373 2.569681
838 847 3.758757
1002 1006 2.367231
838 1129 2.040126
2127 1422 1.206691
3068 3133 2.659702
3068 3141 0.902169
3222 3247 1.94982
2952 2972 1.737474
3133 3268 0.22217
3053 3457 2.244007
906 942 1.79592
3133 3315 4.515673
2284 2527 2.972743
2322 2326 0.211299
2487 2704 1.105287
565 1129 0.652037
3058 3133 3.397204
3058 3142 4.794152
3153 3268 2.979944
612 1006 0.791106
1129 1284 0.849592
3222 3294 0.954551
107 1006 4.62242
906 942 1.79592
3053 3247 1.180723
107 1119 3.784354
87 322 0.947601
3153 3201 0.668457
3294 3457 1.356438
2322 2778 3.581482
2127 1430 1.271097
3142 3457 3.320901
3058 3201 3.725718
612 1129 3.962107
2487 2527 1.373005
2487 2527 1.373005
1006 1301 3.42611
3256 3457 0.408645
87 322 0.947601
3058 3315 0.552763
565 1373 1.835694
107 1006 4.62242
2175 2181 1.666365
3058 3247 4.087541
612 1002 4.244707
3315 3457 1.978297
1100 1284 2.39124
3222 3247 1.94982
2487 2778 4.170502
1006 1373 2.878856
612 906 2.753092
612 817 1.022922
847 942 4.661208
3153 3268 2.979944
461 890 2.0546
2426 2704 2.699048
565 1002 2.005804
847 1364 4.300941
838 1100 2.584835
3053 3142 2.392765
107 1006 4.62242
2454 2660 1.740239
2487 2872 3.791215
1145 1373 3.485072
958 1119 2.140746
3201 3457 0.166717
433 1002 4.06156
3222 3256 1.341911
3053 3068 2.008914
612 1002 4.244707
107 1071 1.450513
3222 3457 2.075528
3053 3068 2.008914
1006 1145 1.029529
107 1373 4.936486
847 1002 0.581688
3141 3457 0.616352
87 322 0.947601
3058 3201 3.725718
2326 2527 1.476044
3053 3457 2.244007
3133 3222 0.035448
3153 3201 0.668457
2660 2182 1.43338
107 1119 3.784354
3247 3457 0.663265
2426 2704 2.699048
1002 1301 1.030275
3053 3294 0.915197
3058 3201 3.725718
2952 1489 2.241162
817 1364 4.195102
452 1373 2.555849
452 1301 4.17839
107 752 4.338357
838 1129 2.040126
3419 3457 0.983187
838 1129 2.040126
2426 2704 2.699048
2295 2699 0.679018
847 942 4.661208
906 908 2.824199
3256 3457 0.408645
565 838 1.132749
612 1373 0.875309
2322 2527 1.709262
2261 2426 4.164966
2110 2111 0.594189
3315 3457 1.978297
906 1373 2.428294
817 942 3.091597
3315 3419 3.790782
1006 1373 2.878856
847 1364 4.300941
3153 3222 1.247233
107 612 1.068718
3511 3549 0.526924
942 1100 1.129327
906 1100 0.237568
433 1002 4.06156
2952 3212 4.121303
2454 2660 1.740239
2980 3068 1.828704
2660 2182 1.43338
2326 2487 3.264539
906 1002 4.581047
2322 2872 3.579401
3141 3247 4.986326
565 838 1.132749
3212 1489 0.416392
565 1002 2.005804
3222 3294 0.954551
838 1364 3.062795
2322 2778 3.581482
2326 2704 1.585258
1006 1362 4.506329
3212 1481 1.423241
2454 2110 1.819033
2487 2527 1.373005
942 1364 1.128003
906 1373 2.428294
1002 1373 0.386681
2426 2872 3.613305
3294 3457 1.356438
433 1373 1.405318
1002 1129 1.019726
3256 3268 4.411161
3053 3294 0.915197
452 1364 2.457491
2295 2110 1.654649
3315 3457 1.978297
3068 3222 3.37573
107 890 1.328727
771 942 0.925992
2952 1489 2.241162
452 838 0.426837
906 1284 3.469713
3058 3133 3.397204
612 1301 0.023917
107 461 0.119399
2487 2778 4.170502
838 906 0.284665
565 838 1.132749
2284 2326 1.879478
2260 2284 2.189885
107 1364 1.41494
3053 3133 2.809513
2490 2872 1.145362
2946 1489 4.963786
2326 2778 3.873298
838 1145 1.990051
1100 1284 2.39124
2261 2326 4.55643
3133 3419 4.220557
2952 1489 2.241162
3222 3457 2.075528
2946 1481 4.367821
107 1071 1.450513
3222 3315 2.856242
107 890 1.328727
612 1100 0.239096
612 1301 0.023917
1284 1373 2.569681
906 942 1.79592
565 1373 1.835694
1006 1301 3.42611
3053 3153 0.062782
847 942 4.661208
1557 1569 2.659842
565 612 2.33703
838 1301 2.891329
612 817 1.022922
612 1100 0.239096
3053 3247 1.180723
1002 1006 2.367231
2952 1489 2.241162
817 1301 3.128336
3419 3457 0.983187
87 322 0.947601
3053 3268 2.795324
433 565 4.623411
1006 1301 3.42611
107 1284 3.886085
2098 2111 0.017869
3053 3268 2.795324
452 838 0.426837
3222 3247 1.94982
3142 3315 0.252579
107 1362 0.683805
612 1373 0.875309
906 1373 2.428294
2261 2778 1.637646
3053 3457 2.244007
847 1364 4.300941
847 1002 0.581688
2819 2861 0.103236
1145 1373 3.485072
3053 3256 3.319084
3201 3222 2.571927
2322 2527 1.709262
2778 2872 3.343288
3053 3294 0.915197
2946 2952 0.975718
3247 3457 0.663265
3153 3315 2.515959
838 847 3.758757
3212 1489 0.416392
2326 2426 2.326127
906 1006 3.653379
3141 3256 4.436534
3141 3256 4.436534
565 1373 1.835694
752 1071 4.863099
3419 3457 0.983187
817 1373 2.085712
2946 3212 3.265386
1100 1284 2.39124
817 1364 4.195102
847 1373 0.91195
107 1364 1.41494
1827 3984 1.005241
2284 2487 4.51725
107 461 0.119399
2819 2110 0.622068
107 1006 4.62242
906 1364 3.765532
107 461 0.119399
3256 3315 4.316114
2454 2660 1.740239
2098 2111 0.017869
107 958 1.619874
3058 3315 0.552763
3053 3256 3.319084
3141 3315 4.241057
838 1284 4.685497
2819 2861 0.103236
3142 3268 1.112087
838 906 0.284665
612 838 3.619176
906 1373 2.428294
3419 3457 0.983187
3068 3222 3.37573
3201 3247 4.195409
3141 3222 0.54012
3133 3247 2.195102
1896 1975 1.775851
906 1100 0.237568
3142 3294 4.403103
3058 3133 3.397204
1100 1373 3.729486
817 906 4.099806
3142 3315 0.252579
2322 2527 1.709262
3256 3457 0.408645
1129 1284 0.849592
2426 2704 2.699048
771 1364 1.341664
3142 3315 0.252579
3058 3142 4.794152
2527 2704 3.341788
2980 3222 0.307862
107 838 1.827555
3058 3222 4.993346
2811 2861 4.702376
2284 2490 1.420481
612 1002 4.244707
1100 1373 3.729486
3141 3294 3.379629
40 142 0.277323
2260 2704 4.195273
2980 3068 1.828704
107 1129 4.123625
3068 3133 2.659702
838 906 0.284665
2778 2872 3.343288
847 1002 0.581688
3068 3294 2.755873
2980 3201 2.273057
612 1100 0.239096
3068 3222 3.37573
3133 3268 0.22217
612 1145 1.13857
2487 2872 3.791215
3058 3142 4.794152
107 452 4.955762
1100 1373 3.729486
3058 3201 3.725718
3141 3457 0.616352
3058 3201 3.725718
2127 1422 1.206691
2660 2182 1.43338
2098 2111 0.017869
2284 2326 1.879478
3256 3268 4.411161
2326 2487 3.264539
612 1002 4.244707
2261 2778 1.637646
107 906 2.748238
107 1145 3.497528
771 1373 4.348376
752 1071 4.863099
3068 3153 3.081784
3142 3294 4.403103
1002 1100 2.128868
3141 3247 4.986326
2980 3256 4.738017
3068 3133 2.659702
2660 2182 1.43338
1284 1364 4.324613
2980 3315 1.87755
1002 1373 0.386681
3142 3222 4.432571
2980 3053 0.933161
3142 3247 2.094429
3201 3419 4.773033
107 817 0.590547
847 942 4.661208
838 1373 1.126064
771 942 0.925992
452 1373 2.555849
359 1538 4.141194
107 958 1.619874
612 1100 0.239096
107 906 2.748238
107 958 1.619874
3142 3457 3.320901
2284 2490 1.420481
847 942 4.661208
3068 3133 2.659702
2426 2872 3.613305
906 1284 3.469713
612 1301 0.023917
3212 1481 1.423241
2454 2660 1.740239
3142 3247 2.094429
2968 2972 2.397211
3058 3419 0.327948
958 1119 2.140746
359 1538 4.141194
942 1002 2.637539
2326 2527 1.476044
942 1301 0.494698
2261 2426 4.164966
3058 3153 4.055165
1896 1975 1.775851
3053 3141 3.555804
107 565 1.185265
847 906 1.348333
452 847 3.852923
565 1364 4.593731
107 890 1.328727
1006 1284 3.058772
565 1129 0.652037
433 612 0.2245
3222 3247 1.94982
3142 3294 4.403103
452 838 0.426837
3058 3268 4.924392
612 838 3.619176
565 1002 2.005804
107 612 1.068718
817 942 3.091597
2426 2487 4.301975
3256 3419 0.81709
3141 3268 0.251064
2295 2110 1.654649
612 1284 4.796812
3511 3549 0.526924
2284 2326 1.879478
3053 3141 3.555804
107 1284 3.886085
906 1373 2.428294
433 1284 4.761711
3141 3222 0.54012
107 1002 2.565179
3315 3457 1.978297
3212 1481 1.423241
847 1002 0.581688
2946 1481 4.367821
942 1364 1.128003
2175 2181 1.666365
612 817 1.022922
817 847 2.068721
2284 2326 1.879478
3201 3419 4.773033
3133 3141 2.452054
107 1100 0.260447
847 1373 0.91195
3133 3457 2.817576
838 1301 2.891329
612 1129 3.962107
3133 3247 2.195102
452 838 0.426837
3142 3201 2.133645
3222 3294 0.954551
107 1145 3.497528
2952 3212 4.121303
3141 3268 0.251064
3058 3268 4.924392
3141 3256 4.436534
3153 3222 1.247233
2980 3053 0.933161
906 1145 1.975846
3068 3256 1.108917
3058 3315 0.552763
1145 1362 2.500654
3058 3142 4.794152
3141 3201 3.03562
612 942 3.199653
3053 3141 3.555804
3053 3222 1.589017
2284 2487 4.51725
3141 3142 2.301461
3222 3247 1.94982
2980 3268 0.197941
3142 3315 0.252579
107 565 1.185265
2980 3058 0.59642
2326 2527 1.476044
2295 2110 1.654649
2326 2704 1.585258
838 1364 3.062795
2487 2778 4.170502
3058 3153 4.055165
3133 3419 4.220557
3141 3315 4.241057
2326 2778 3.873298
107 847 4.551997
107 771 2.362325
1100 1284 2.39124
2110 2111 0.594189
3068 3457 4.076953
107 1006 4.62242
3222 3256 1.341911
612 847 2.490753
847 1364 4.300941
3212 1489 0.416392
3141 3222 0.54012
3142 3256 0.939401
3256 3457 0.408645
817 1373 2.085712
2980 3053 0.933161
2975 1430 1.816528
2980 3068 1.828704
612 1284 4.796812
565 612 2.33703
3068 3142 2.751023
1006 1362 4.506329
452 838 0.426837
2426 2704 2.699048
612 817 1.022922
3053 3222 1.589017
3058 3201 3.725718
3053 3315 0.439925
1006 1129 4.271496
3222 3268 0.803561
612 1002 4.244707
2326 2704 1.585258
2261 2778 1.637646
40 322 3.527445
3133 3268 0.22217
3201 3222 2.571927
1100 1373 3.729486
2819 2861 0.103236
3268 3315 4.901519
2454 2660 1.740239
2426 2487 4.301975
107 359 4.007038
1006 1373 2.878856
3058 3315 0.552763
3201 3457 0.166717
1129 1373 2.265479
1284 1301 4.424916
107 1071 1.450513
838 1284 4.685497
817 838 4.414058
2454 2819 2.293669
2322 2527 1.709262
