136 1408 2.490951
3326 3433 1.886097
2236 2829 4.225135
935 1149 1.542402
3220 3351 2.186217
809 1161 3.454564
2296 2365 0.140845
107 1049 2.795741
1440 1472 4.626149
1033 1089 2.016973
1404 3317 3.413686
2393 2681 2.322732
3545 3546 2.606841
2100 2120 3.780749
2508 2564 3.079576
2959 3480 0.593988
3200 3455 4.533364
3168 1477 1.475798
3035 3290 0.17187
1108 1173 4.924004
2984 3048 1.089673
3528 3703 4.965034
3837 3935 4.984104
684 1129 0.686456
2469 2756 4.706963
1821 3715 1.126784
2192 1430 2.221326
499 871 3.10861
3103 3273 4.980564
1780 1803 1.261226
1462 2171 4.166552
2461 2885 4.99472
1454 1455 3.063734
2602 2680 2.666936
2212 2160 4.070135
847 1215 2.050798
2448 2905 2.318428
2435 2513 3.997884
350 1643 4.926405
2748 2852 3.924906
2945 3080 2.087776
56 62 1.053472
603 1215 3.262243
1425 1434 3.651755
1821 3720 3.583742
932 1263 2.657618
3160 3177 2.952411
1742 1790 2.35343
82 252 3.079323
1439 3316 1.808202
82 252 3.079323
691 1094 4.502522
3200 3433 0.639557
1455 2212 3.729336
107 1089 0.276813
1454 1477 0.43861
1434 1477 4.258412
350 1643 4.926405
2448 2513 1.880887
2984 3080 4.613559
3103 3200 0.008067
107 1173 1.022462
3290 3326 1.699133
2393 2236 4.711512
3035 3080 3.848764
935 1089 1.158449
809 1149 0.609932
1440 2212 2.854016
1094 1108 1.448625
2748 2852 3.924906
2100 2508 3.763912
691 1149 1.67406
1094 1149 0.258368
1434 2160 0.15405
1089 1161 0.222861
603 1094 0.651018
3080 3103 2.699764
3048 3080 3.821773
3351 3455 1.627879
136 1477 0.40827
1439 1454 0.226074
2393 2681 2.322732
684 1149 4.807438
1821 3528 2.300957
871 1263 4.039361
684 1149 4.807438
107 684 1.984514
3528 3703 4.965034
107 1049 2.795741
1439 3316 1.808202
3080 3433 1.86105
136 1408 2.490951
1440 2171 4.403437
2365 2885 4.96237
691 1161 4.683028
3168 1462 4.775468
2365 2602 0.8063
3316 1472 3.334194
2984 3220 2.513171
3273 3351 2.845666
1790 1803 3.322203
3546 3837 3.937484
3103 3220 3.142825
1425 1440 0.617606
499 871 3.10861
1108 1173 4.924004
1462 2160 2.230305
1149 1215 2.754329
809 847 0.039556
2984 3200 2.260027
136 1440 1.149689
1440 2160 1.764518
3220 3273 4.416267
136 1425 0.611477
1129 1161 4.909633
3048 3273 0.053914
1439 2160 2.521378
2508 2852 3.89219
107 499 0.458731
1434 1439 1.955902
2461 2885 4.99472
2602 2236 2.329233
136 1455 4.617107
107 1094 4.510437
1455 2171 2.599825
2680 2885 0.695205
2945 3351 3.085278
3080 3273 2.293248
1434 1472 2.816359
2365 2602 0.8063
2296 2602 4.546345
2192 1440 0.862893
1455 2160 3.789596
1440 2171 4.403437
2296 2365 0.140845
2393 2461 0.223197
136 1439 3.461126
2984 3433 3.936455
3103 3433 0.39854
3103 3273 4.980564
1439 1472 3.172695
3048 3103 0.516321
56 82 1.744158
2680 2885 0.695205
3080 3103 2.699764
2100 2508 3.763912
1108 1173 4.924004
1821 3528 2.300957
107 935 4.14582
2365 2393 2.770792
2296 2602 4.546345
2160 1472 1.185609
603 1033 0.039153
1408 3480 2.029212
603 847 1.243145
847 1149 4.881464
2984 3351 1.053428
2212 2160 4.070135
2192 3316 4.493742
847 1149 4.881464
2945 3080 2.087776
1425 1434 3.651755
3160 3316 0.046258
107 1161 0.680939
2945 3455 0.091293
1434 2160 0.15405
3273 3326 1.852503
1149 1161 0.901823
809 1161 3.454564
3080 3326 0.795054
1094 1108 1.448625
1434 2212 1.325821
2160 1472 1.185609
1425 2212 2.555739
3048 3220 1.283668
1089 1149 4.410697
1439 1440 3.281452
1440 2160 1.764518
935 1149 1.542402
1089 1149 4.410697
1089 1094 1.064809
3220 3273 4.416267
2448 2513 1.880887
1439 1454 0.226074
2296 2236 0.535246
684 1129 0.686456
3546 3837 3.937484
2748 2852 3.924906
3103 3200 0.008067
1440 1455 4.445504
3160 3316 0.046258
935 1089 1.158449
2435 2513 3.997884
691 847 1.84796
2296 2236 0.535246
1780 1790 3.753253
136 1454 3.017767
107 684 1.984514
1089 1149 4.410697
2212 1462 4.614884
2945 3103 0.065654
935 1149 1.542402
2212 3316 2.482298
1434 1472 2.816359
2945 3455 0.091293
2984 3273 1.923539
1430 1455 3.024828
1454 2171 2.084214
3837 3935 4.984104
56 252 1.412824
136 1430 4.309224
2680 2236 1.173841
2393 2885 1.564795
1454 3316 2.211598
2365 2885 4.96237
2212 3316 2.482298
3546 3935 2.297694
2508 2748 2.73367
1821 3703 2.130083
3326 3455 3.132101
2984 3048 1.089673
684 1049 1.820906
2945 3433 4.053874
107 1108 3.821298
2236 2829 4.225135
3546 3837 3.937484
3273 3326 1.852503
2984 3103 0.348188
3080 3220 1.920475
1108 1215 0.175107
3048 3326 4.945709
1129 1161 4.909633
1108 1161 3.945555
1434 2212 1.325821
1454 1472 0.037461
1434 1455 4.63658
3048 3433 1.300361
107 1033 2.045649
1462 2160 2.230305
1430 1454 2.196289
3326 3351 4.588658
2681 2829 0.557033
809 1161 3.454564
1434 2212 1.325821
3273 3433 2.707888
3048 3200 0.130893
3048 3220 1.283668
2681 2829 0.557033
3220 3273 4.416267
136 1472 3.250226
3316 1472 3.334194
935 1033 1.041283
1434 2160 0.15405
1821 3546 0.594752
809 1161 3.454564
1404 3480 2.774935
1049 1129 0.268463
3290 3326 1.699133
107 1094 4.510437
3080 3351 2.767305
1454 2160 4.508967
1455 2171 2.599825
603 1215 3.262243
3273 3433 2.707888
2236 2885 3.711692
499 871 3.10861
1455 2160 3.789596
3048 3103 0.516321
1462 2171 4.166552
3200 3290 2.56346
1049 1149 4.97043
2945 3103 0.065654
871 1263 4.039361
2393 2681 2.322732
2945 2984 3.422248
1440 1462 2.53278
2448 2513 1.880887
1440 1477 4.010623
1434 1439 1.955902
2508 2748 2.73367
2393 2602 0.937218
107 684 1.984514
3200 3290 2.56346
1439 1472 3.172695
1129 1149 3.756452
1454 1477 0.43861
2435 2756 0.049416
1430 1455 3.024828
684 1049 1.820906
1033 1215 3.90109
1425 1439 4.803095
1430 1434 1.937703
3048 3351 0.462336
2212 3316 2.482298
684 1149 4.807438
2461 2748 3.23249
691 847 1.84796
56 136 1.697631
3035 3048 1.421309
809 1161 3.454564
2680 2236 1.173841
847 1033 1.06977
107 1049 2.795741
2756 2905 2.150219
2212 2160 4.070135
3080 3273 2.293248
691 1215 0.989755
3200 3433 0.639557
107 847 4.551997
2296 2393 2.286876
2469 2513 1.229878
1404 3480 2.774935
2513 2905 1.664722
1440 2171 4.403437
350 1263 0.934773
2508 2748 2.73367
3200 3351 3.981889
1821 3545 3.204058
2959 1404 2.554955
1455 1477 4.950783
3080 3326 0.795054
2508 2564 3.079576
1425 1477 4.702476
1094 1108 1.448625
2393 2461 0.223197
1161 1215 4.807755
3160 3177 2.952411
2212 3316 2.482298
2393 2602 0.937218
3048 3290 3.925754
1434 2212 1.325821
56 136 1.697631
2393 2461 0.223197
136 1455 4.617107
2513 2905 1.664722
3035 3080 3.848764
3103 3200 0.008067
2984 3455 2.847845
2984 3048 1.089673
107 809 1.59016
2681 2829 0.557033
1462 1472 2.790632
2945 3433 4.053874
1439 2171 4.252283
1821 3720 3.583742
1049 1089 4.395281
136 1439 3.461126
2192 1425 2.294741
2945 3433 4.053874
1108 1149 2.372075
2100 2508 3.763912
3080 3351 2.767305
3080 3326 0.795054
107 350 1.197993
2680 2236 1.173841
1821 3545 3.204058
3290 3326 1.699133
1094 1108 1.448625
1454 1462 3.463442
350 499 0.659148
2602 2885 1.890402
3200 3273 4.072902
603 809 1.584897
935 1149 1.542402
2296 2885 3.617904
1089 1108 4.304606
809 1129 2.088507
1440 3316 1.252971
1408 3480 2.029212
2945 3273 2.660282
809 847 0.039556
350 932 4.305015
2984 3220 2.513171
1049 1161 3.823253
2984 3273 1.923539
3316 1472 3.334194
2365 2236 0.435643
2945 2984 3.422248
1440 1455 4.445504
2945 3433 4.053874
1455 1477 4.950783
2236 2885 3.711692
1742 1790 2.35343
107 350 1.197993
2984 3103 0.348188
136 1434 3.86209
1462 2160 2.230305
2984 3351 1.053428
3048 3103 0.516321
3168 1462 4.775468
2508 2748 2.73367
3048 3433 1.300361
2365 2393 2.770792
684 1129 0.686456
2393 2236 4.711512
1462 3316 4.737972
3273 3326 1.852503
1425 1439 4.803095
1440 3316 1.252971
3035 3351 2.741118
3103 3326 2.816096
2984 3273 1.923539
2296 2393 2.286876
2945 3455 0.091293
136 1472 3.250226
871 1173 3.959105
1425 1439 4.803095
871 1173 3.959105
1454 1472 0.037461
2602 2885 1.890402
684 847 1.459151
809 1129 2.088507
2296 2393 2.286876
2435 2469 0.922552
107 684 1.984514
691 1149 1.67406
3103 3351 1.556776
3048 3103 0.516321
1439 1455 3.12705
1454 3316 2.211598
136 1477 0.40827
3080 3351 2.767305
1425 1455 2.652555
3080 3351 2.767305
1408 3480 2.029212
2984 3048 1.089673
1821 3715 1.126784
2945 3103 0.065654
107 603 1.054365
1404 3317 3.413686
1425 1462 2.216493
2469 2513 1.229878
107 691 2.646069
3103 3200 0.008067
1434 1472 2.816359
2393 2885 1.564795
2945 3080 2.087776
2461 2852 1.475895
3048 3433 1.300361
3080 3433 1.86105
603 1149 0.304225
1821 3703 2.130083
1821 3935 4.462082
1108 1173 4.924004
2296 2602 4.546345
3168 1477 1.475798
1425 1455 2.652555
691 1161 4.683028
691 809 2.680311
3220 3273 4.416267
