2997 1457 2.344173
3203 3338 0.782084
352 3444 1.482877
2267 2902 1.566977
3142 3360 2.042358
2126 2231 2.28117
741 1284 1.306382
3514 3588 2.420016
1066 1324 2.201549
3214 3397 1.512842
764 1231 1.776536
1438 1450 4.102816
107 1252 2.960875
1589 1675 2.644208
2329 2502 2.144133
3046 3482 2.106466
2972 1465 4.152218
2497 2773 1.636862
1412 1436 1.099047
1666 1697 4.28885
2808 2871 2.784889
1203 2133 1.783697
199 231 1.676517
2508 2541 1.561373
3524 3547 4.166193
2945 3146 2.651857
351 2295 0.809506
1411 2130 0.810238
351 2102 0.760815
2136 2168 1.198649
3112 3283 0.524914
545 957 1.432227
3065 3294 4.634338
352 1500 3.521243
507 820 0.008583
801 1097 2.734631
3502 3952 2.643863
1001 1189 0.776763
3621 3644 2.943309
3213 3449 3.180984
1425 1442 1.718367
3173 1490 1.539687
3053 3399 2.992202
2283 2483 0.533229
744 792 3.33187
2703 2726 2.365059
847 1105 1.78262
2218 2225 0.749081
1424 1426 4.11846
824 1011 0.47103
776 1330 2.322374
2136 1457 3.518467
2130 3444 4.832787
3065 3283 0.636906
3213 3397 3.455208
2945 2126 3.633003
2130 1425 4.456269
2136 1457 3.518467
107 1097 3.668204
3142 3173 4.592715
3142 3399 1.088676
2133 1450 2.695666
3142 3173 4.592715
1442 1490 0.728309
741 957 4.08434
2130 2168 0.032839
1203 2168 4.319378
352 1412 3.510423
545 1231 0.059229
1436 1465 4.973063
3112 3397 3.188286
3065 3214 3.653219
3203 3294 3.297235
107 1105 2.797236
3053 3294 0.915197
2945 3360 3.08385
2136 1457 3.518467
3294 1490 2.144059
3112 3283 0.524914
352 2126 1.706118
2126 1426 2.855478
3053 3173 1.908004
3173 3449 2.064667
3294 3360 2.515751
792 824 1.087824
1411 1426 1.77056
3065 3449 2.723712
107 824 0.371433
3046 3482 2.106466
2130 1442 0.672911
3065 3294 4.634338
2218 2168 2.668929
847 1105 1.78262
847 1105 1.78262
1203 1424 1.451585
1457 1490 1.789478
352 2168 1.985029
2283 2871 2.363201
3065 3283 0.636906
1105 1324 1.942934
3112 3397 3.188286
352 1465 0.0374
3547 3588 1.484198
1436 1500 4.681748
107 792 1.601419
1438 1450 4.102816
1001 1189 0.776763
820 847 4.193019
741 1284 1.306382
2483 2808 4.22304
3146 3203 3.234453
352 1426 3.270023
3214 1490 4.955221
3294 3397 4.557326
2497 2773 1.636862
2133 1438 0.456487
3046 1500 3.267816
1424 2136 4.456771
3112 3449 1.229664
3053 3399 2.992202
352 3053 3.079796
2997 1426 4.754676
1284 1324 2.541131
3146 3294 0.211181
2945 1490 3.30599
3053 3397 1.356713
107 1231 0.327256
3112 3213 2.99214
351 2703 4.744137
2133 1426 2.028668
1438 2218 3.6637
3214 3283 2.854126
741 1284 1.306382
352 3213 3.617882
1412 1465 0.975601
3046 3482 2.106466
351 2329 0.884633
3213 3399 1.677084
1203 1438 3.726098
2126 1426 2.855478
352 2168 1.985029
820 1011 4.153594
1424 1457 1.389514
957 1231 3.914951
107 351 1.555546
2997 1426 4.754676
1426 2168 1.526811
107 1252 2.960875
2133 2136 4.05494
3213 3360 4.359155
1411 1457 3.153517
957 1231 3.914951
2130 1438 4.955632
1424 2133 2.350326
1411 1490 1.493632
3214 3338 3.341813
1411 1438 2.777291
3524 3588 2.357908
352 3046 2.899954
107 1252 2.960875
2283 2871 2.363201
2126 1424 0.571988
107 1324 4.738962
352 2997 0.673102
352 3053 3.079796
1203 1457 4.196063
3213 3397 3.455208
2773 2902 0.835291
1203 352 0.052993
3294 3399 1.472256
3065 3360 4.844315
2283 2483 0.533229
3112 3203 0.518209
2283 2483 0.533229
2997 1450 1.296037
3213 3399 1.677084
3621 3644 2.943309
2133 2231 3.423851
1425 1490 1.931067
3294 1490 2.144059
107 801 2.677469
3203 3214 4.795321
352 3283 3.198191
2218 2225 0.749081
3053 3065 3.168462
3053 3449 2.356616
3173 3360 4.81635
1411 3065 0.086336
352 3213 3.617882
847 1324 1.056159
107 824 0.371433
824 1011 0.47103
1490 3449 3.188176
352 3449 1.684193
3283 1490 4.000162
1424 2136 4.456771
1411 1490 1.493632
352 3142 4.885629
352 3338 4.286613
1424 2231 3.744229
351 2329 0.884633
351 2773 2.778197
3065 3449 2.723712
3294 3397 4.557326
2972 1465 4.152218
2130 1442 0.672911
352 2972 3.442765
1411 1442 1.260217
352 1490 2.525538
1426 1490 0.406365
3146 3214 3.100305
3065 3399 0.753415
2130 1438 4.955632
352 3065 2.376127
1424 2136 4.456771
352 2945 4.148159
2808 2871 2.784889
792 824 1.087824
3213 3283 2.259157
3112 3203 0.518209
3283 3338 1.097693
3053 3360 4.71318
3524 3588 2.357908
107 1097 3.668204
3053 3142 2.392765
2945 3338 4.759193
2703 2726 2.365059
3146 3397 0.829539
2945 3213 2.906087
776 1330 2.322374
820 847 4.193019
1412 1465 0.975601
3142 3203 0.166577
2945 3112 1.584683
2126 3360 3.055325
352 3294 0.473958
3213 3360 4.359155
792 824 1.087824
2126 2231 2.28117
3142 3397 4.933099
3213 3449 3.180984
199 231 1.676517
352 2168 1.985029
1450 1457 1.872376
352 2168 1.985029
3053 3449 2.356616
3146 3294 0.211181
1203 1426 0.051672
2945 3112 1.584683
1438 3444 2.552924
3053 3112 0.229226
107 1097 3.668204
352 3213 3.617882
1412 1500 4.79989
1424 2218 0.07639
3053 3449 2.356616
2218 2225 0.749081
2945 3213 2.906087
351 2502 1.452395
3142 3294 4.403103
3283 3449 0.803309
1438 1450 4.102816
3283 3360 0.265946
1412 1500 4.79989
1203 1424 1.451585
1411 1424 2.399006
107 741 1.660999
744 792 3.33187
741 1284 1.306382
2972 3046 0.646534
1442 1450 0.976558
3360 3397 4.008434
1001 1189 0.776763
107 1001 1.64649
1426 2218 0.886512
1425 1442 1.718367
3142 3338 0.266952
3173 3283 0.119943
1411 1425 0.3333
352 3146 0.087429
2136 1490 3.489094
1411 2130 0.810238
3065 3449 2.723712
3173 3338 2.18131
3046 1500 3.267816
352 3360 3.181002
1438 3444 2.552924
820 1203 3.588822
764 957 1.293388
351 2497 0.420289
2130 1438 4.955632
3203 3283 2.186376
3142 3214 1.763656
3213 3449 3.180984
1066 1324 2.201549
352 3112 2.902143
1490 3449 3.188176
3283 3360 0.265946
1425 2225 1.193437
1424 1457 1.389514
1411 1450 1.470425
1411 1490 1.493632
351 2329 0.884633
1425 3444 3.89571
1425 1438 0.968371
2126 2231 2.28117
2497 2902 0.088059
3112 3338 3.971874
744 824 3.803104
2136 1450 0.983586
3146 3173 4.256169
3053 3203 3.69741
545 1284 3.069236
507 820 0.008583
351 2902 4.149845
1426 1490 0.406365
3142 3203 0.166577
744 1011 1.240852
1426 1490 0.406365
776 1105 2.925307
3213 3449 3.180984
107 1011 0.885018
744 792 3.33187
3294 3449 0.565512
1203 1442 1.934782
2133 1490 4.675776
352 3482 4.050731
3283 3449 0.803309
2267 2902 1.566977
3146 3360 2.632197
3146 3214 3.100305
1438 3444 2.552924
1203 1490 0.439475
2283 2871 2.363201
2972 3046 0.646534
1425 2225 1.193437
3173 3360 4.81635
2130 1424 4.45402
352 3338 4.286613
352 2168 1.985029
352 3203 1.753051
1490 2231 1.011994
3112 3449 1.229664
2508 2902 2.704095
545 764 0.620146
352 2225 0.386413
1457 3444 0.762384
3053 3065 3.168462
352 2231 4.659159
2945 3112 1.584683
352 1426 3.270023
1001 1189 0.776763
352 3283 3.198191
764 957 1.293388
3514 3547 1.395703
2126 1426 2.855478
2218 2168 2.668929
2508 2102 1.994177
3142 3214 1.763656
351 2508 1.472807
1425 2225 1.193437
1425 1426 0.788826
2126 2130 4.651868
1442 2168 0.118824
352 3203 1.753051
352 2231 4.659159
1203 1424 1.451585
2283 2871 2.363201
1425 1490 1.931067
824 1011 0.47103
351 2295 0.809506
801 1097 2.734631
1411 2133 1.050536
3053 3203 3.69741
107 957 4.624063
2133 2136 4.05494
3146 1490 3.759015
3173 3399 3.154563
2133 1426 2.028668
3399 3449 4.484513
1442 2168 0.118824
1426 2136 4.316013
3173 3360 4.81635
776 1330 2.322374
2126 2130 4.651868
1412 1465 0.975601
3173 3338 2.18131
352 3213 3.617882
3294 3449 0.565512
776 1231 3.774766
3213 3214 4.338605
744 824 3.803104
1465 1500 1.54864
1203 1426 0.051672
1425 1450 2.580673
2126 2130 4.651868
3360 3397 4.008434
107 507 4.243082
3213 3214 4.338605
3112 3213 2.99214
352 3482 4.050731
107 741 1.660999
2997 3203 4.167153
1411 1438 2.777291
107 351 1.555546
2267 2902 1.566977
3112 3338 3.971874
3046 3482 2.106466
3213 3449 3.180984
3213 3360 4.359155
3053 3203 3.69741
3360 3449 2.432784
3213 3283 2.259157
2508 2541 1.561373
107 801 2.677469
352 2133 0.56527
3283 1490 4.000162
3146 3203 3.234453
3146 3338 1.197474
2133 2136 4.05494
2945 3053 3.863816
2130 1425 4.456269
2133 2168 0.742146
3112 3146 4.47319
1426 1438 0.881343
107 1252 2.960875
1436 1500 4.681748
3046 3482 2.106466
3338 3399 4.328697
1411 1490 1.493632
1450 1457 1.872376
2133 2231 3.423851
1411 1450 1.470425
2997 2133 3.20728
1442 1490 0.728309
107 764 3.47141
3112 3360 2.281095
352 2945 4.148159
1424 2168 0.18302
3397 3399 0.561257
3142 3360 2.042358
1438 1442 1.204732
776 1330 2.322374
744 824 3.803104
3397 3449 1.176142
352 1436 3.14817
1324 1330 1.91307
545 764 0.620146
2997 1438 0.500959
1425 1426 0.788826
764 957 1.293388
2130 1424 4.45402
3338 3399 4.328697
957 1284 4.738361
1411 1424 2.399006
2945 1490 3.30599
352 2130 2.721106
3360 3397 4.008434
1424 2168 0.18302
352 2168 1.985029
1442 1457 3.124734
744 1011 1.240852
107 1330 4.317395
352 1500 3.521243
1231 1284 1.885485
3142 3146 3.749976
1424 2168 0.18302
351 2773 2.778197
351 2541 1.150051
3142 3360 2.042358
2126 1424 0.571988
352 3283 3.198191
352 3053 3.079796
820 847 4.193019
2945 3399 4.796784
3142 3146 3.749976
351 2703 4.744137
3283 3338 1.097693
352 3173 4.467132
1231 1324 1.246447
351 2329 0.884633
351 2902 4.149845
2945 3213 2.906087
352 3053 3.079796
3173 3294 2.896529
3146 1490 3.759015
107 847 4.551997
3203 3449 4.400664
107 847 4.551997
2126 3214 4.432075
3146 3397 0.829539
352 1438 3.882164
1424 2168 0.18302
2130 1425 4.456269
3112 3173 1.857873
352 2945 4.148159
1284 1324 2.541131
1436 1465 4.973063
3146 3203 3.234453
957 1105 2.346665
2168 2231 1.653699
741 957 4.08434
1411 1425 0.3333
741 847 2.533438
2126 1490 0.492631
1426 1490 0.406365
2808 2871 2.784889
2168 2231 1.653699
3283 3294 3.90697
3112 3173 1.857873
2130 2231 4.963101
351 2295 0.809506
792 824 1.087824
2136 2168 1.198649
2126 3214 4.432075
3214 3338 3.341813
2945 3142 3.723309
1442 1457 3.124734
2130 3444 4.832787
2972 3482 1.137072
2225 1490 4.619809
3283 1490 4.000162
1424 1438 1.078296
3142 3399 1.088676
2945 3053 3.863816
3146 3360 2.632197
2130 1426 2.900544
3053 3213 2.902143
741 1284 1.306382
351 2283 3.839451
352 3449 1.684193
351 2808 1.276434
352 1457 2.484101
3294 3399 1.472256
3213 3449 3.180984
2136 1490 3.489094
2997 2130 4.104821
3214 3397 1.512842
1412 1500 4.79989
2133 1425 3.702745
744 1011 1.240852
2126 1411 1.215187
352 3046 2.899954
2945 3338 4.759193
1411 1457 3.153517
3053 3338 0.001729
2508 2773 2.694968
2126 1411 1.215187
2130 2133 1.390757
1425 1457 0.652821
847 1324 1.056159
2997 1450 1.296037
1589 1675 2.644208
1411 1438 2.777291
2130 3444 4.832787
107 351 1.555546
2945 3142 3.723309
2508 2773 2.694968
2130 1426 2.900544
352 1450 3.688199
3397 3449 1.176142
3213 3338 2.140069
1424 2218 0.07639
351 2329 0.884633
3213 3214 4.338605
1412 1465 0.975601
1426 1450 4.048955
1411 1425 0.3333
2126 3214 4.432075
3053 3112 0.229226
2126 3283 4.371246
1426 1457 0.627952
1105 1324 1.942934
3053 3338 0.001729
3294 3360 2.515751
107 1284 3.886085
2126 2133 3.399645
351 2483 4.421136
352 2231 4.659159
352 1426 3.270023
2997 2136 3.665066
352 1424 3.6421
1450 1457 1.872376
1457 2218 3.055828
3112 3203 0.518209
545 1284 3.069236
352 3203 1.753051
1203 2133 1.783697
2945 3397 4.585875
3112 3213 2.99214
1438 3444 2.552924
107 1105 2.797236
3142 3449 3.35394
2126 2130 4.651868
3294 3397 4.557326
3213 3214 4.338605
1442 1457 3.124734
1442 1457 3.124734
1442 1457 3.124734
1438 3444 2.552924
3294 3338 0.199389
545 957 1.432227
1411 2168 2.192666
2945 3397 4.585875
744 1011 1.240852
957 1066 3.092503
2945 3213 2.906087
2267 2902 1.566977
1425 1450 2.580673
3213 3214 4.338605
801 1097 2.734631
1231 1284 1.885485
2945 3053 3.863816
776 1105 2.925307
2497 2773 1.636862
2136 1457 3.518467
1412 1436 1.099047
847 1324 1.056159
1442 1457 3.124734
545 1284 3.069236
352 2126 1.706118
1490 3399 0.492038
3397 3399 0.561257
1425 2136 0.94107
3283 3294 3.90697
2945 3053 3.863816
744 1011 1.240852
3053 3213 2.902143
3338 3399 4.328697
3146 3360 2.632197
1105 1324 1.942934
1411 2136 0.895469
507 820 0.008583
107 1001 1.64649
2130 1442 0.672911
3283 3399 1.461582
957 1324 2.995798
3283 1490 4.000162
3338 3360 3.709757
107 957 4.624063
3112 3360 2.281095
847 1105 1.78262
2218 2225 0.749081
957 1231 3.914951
352 2997 0.673102
1457 1490 1.789478
3112 3397 3.188286
3214 1490 4.955221
3065 3360 4.844315
3294 3449 0.565512
776 1231 3.774766
3142 3338 0.266952
3214 1490 4.955221
352 2218 3.145715
3294 3397 4.557326
847 1203 0.559752
2972 1500 1.476742
3360 3397 4.008434
3203 3294 3.297235
3514 3547 1.395703
3173 3399 3.154563
107 1105 2.797236
107 1001 1.64649
1425 1450 2.580673
1436 1465 4.973063
2126 1425 1.322353
2945 1490 3.30599
3621 3644 2.943309
2945 3338 4.759193
3214 1490 4.955221
1424 1442 3.803631
107 957 4.624063
3065 3146 1.011898
1411 2130 0.810238
2972 1500 1.476742
352 1424 3.6421
1424 1457 1.389514
3142 3283 2.952347
1442 1450 0.976558
3142 3338 0.266952
1203 1450 2.300472
107 820 4.092656
352 3482 4.050731
351 2295 0.809506
2130 1457 3.12335
352 3444 1.482877
2997 2133 3.20728
3203 3399 3.581755
3514 3588 2.420016
3112 3294 0.41998
3203 3399 3.581755
352 1436 3.14817
820 847 4.193019
2133 2231 3.423851
2126 3146 2.530263
1442 1450 0.976558
2126 1426 2.855478
2130 1490 4.781046
352 3213 3.617882
3173 3283 0.119943
2126 3399 1.683153
352 2168 1.985029
352 3112 2.902143
545 741 4.357496
2136 1450 0.983586
847 1105 1.78262
1457 2168 0.756733
3514 3547 1.395703
957 1284 4.738361
3146 3360 2.632197
107 1189 2.000357
3065 3449 2.723712
352 2136 4.020931
3146 3294 0.211181
1424 2133 2.350326
2997 1438 0.500959
107 820 4.092656
2945 3338 4.759193
1203 1457 4.196063
107 741 1.660999
3283 3397 0.718075
741 820 0.457585
847 1105 1.78262
1424 1450 1.910697
3142 3173 4.592715
