3197 3455 4.654739
3143 1489 0.098998
3548 3917 1.49843
885 1148 4.650706
3734 3878 0.105284
1740 1770 1.327669
3616 3784 0.965791
3094 3197 4.19508
2576 2675 0.989981
384 1333 4.103984
1069 1249 2.027945
826 1318 1.952473
2667 2772 1.324214
1897 1918 1.750448
906 977 1.18884
438 1149 1.12946
352 2954 3.303359
3253 3302 3.309179
759 859 2.857727
3147 3185 0.541115
2649 2730 2.018215
483 687 0.107917
1418 2204 0.15679
87 315 3.096683
1850 1926 0.261902
2975 3356 0.18441
776 1006 0.982166
658 1221 4.45995
3178 3406 0.277014
3760 3960 3.111474
3651 3808 2.645671
3131 3430 1.840405
622 1162 3.653924
1821 3516 4.278501
668 885 4.101088
2259 2614 4.640741
958 1354 4.608849
1400 1426 0.690772
1535 1589 4.285998
953 1170 2.951779
2140 2153 3.381531
2433 2767 1.526963
489 1284 2.888547
107 492 2.920505
842 1395 0.594797
1557 1663 0.787585
3117 2152 4.972644
3557 3726 1.449768
561 1349 3.376418
1758 1816 3.605335
2970 3472 3.419938
2975 3356 0.18441
352 2153 2.48117
107 1162 4.534243
3253 3455 2.97549
1821 3760 4.970644
352 2204 1.114145
3253 3472 1.051417
492 1284 4.534131
87 315 3.096683
492 658 3.330908
1148 1349 3.119666
489 1149 2.57825
492 885 3.727558
352 2152 1.126216
107 1170 4.056479
776 906 4.083407
107 1006 4.62242
107 906 2.748238
3094 3455 1.287081
1821 3557 2.37235
977 1349 3.311465
483 1149 4.07815
1170 1318 1.522176
107 958 1.619874
352 3147 4.426264
107 1395 4.934635
906 1284 3.469713
1221 1318 4.178375
977 1349 3.311465
352 1400 1.377001
3094 3455 1.287081
438 1148 2.138759
3197 3302 1.183348
107 561 3.97402
107 1170 4.056479
1897 1918 1.750448
3726 3808 1.746879
658 1221 4.45995
1006 1318 4.943648
483 1149 4.07815
438 776 2.921952
384 759 4.093737
1400 2153 3.525316
885 1148 4.650706
885 1149 4.415531
3726 3878 1.831664
3094 3406 3.984167
1284 1318 4.791552
2970 3197 3.819255
3197 3406 3.176909
658 885 2.329784
107 885 3.20149
438 977 4.779731
1740 1770 1.327669
107 759 2.606824
2970 3178 3.687883
107 668 3.055266
2954 3178 3.471183
352 3143 2.766346
107 668 3.055266
107 622 3.53964
1006 1318 4.943648
668 906 4.863121
953 1170 2.951779
352 3253 4.308315
658 885 2.329784
492 1349 4.373311
352 3117 3.991745
2954 3406 2.347429
2649 2730 2.018215
438 1284 1.169402
352 2140 1.692941
492 658 3.330908
1426 2204 3.267373
107 776 4.695383
107 1162 4.534243
2954 3094 3.26107
2970 3178 3.687883
1006 1318 4.943648
3253 3302 3.309179
3094 3455 1.287081
107 438 0.276829
489 1148 3.603414
352 1418 3.181977
1821 3616 4.968689
1400 1426 0.690772
2140 2153 3.381531
2970 3094 2.710949
2259 2614 4.640741
3253 3302 3.309179
3253 3455 2.97549
3651 3808 2.645671
561 826 0.775087
107 885 3.20149
885 1318 2.632129
3178 3197 3.484124
1426 2152 2.333755
668 885 4.101088
352 1400 1.377001
1589 1663 4.606982
2954 3094 3.26107
885 1284 1.516607
1148 1349 3.119666
658 1148 4.773771
2954 3178 3.471183
977 1284 2.512566
1821 3548 0.048491
489 1284 2.888547
2204 2152 0.107302
3094 3455 1.287081
3117 2152 4.972644
438 1149 1.12946
958 1354 4.608849
885 1349 1.311735
107 384 0.546889
492 1148 2.341933
1821 3516 4.278501
3143 1489 0.098998
489 1284 2.888547
3094 3302 4.886483
352 3406 3.930667
1006 1170 2.58787
352 3455 1.560318
1535 1557 1.175046
352 2153 2.48117
3178 3253 2.114362
776 1149 4.676719
107 483 0.519795
3178 3197 3.484124
958 1354 4.608849
438 1149 1.12946
107 483 0.519795
953 1318 4.289348
1589 1663 4.606982
953 977 0.505294
1821 3760 4.970644
3726 3878 1.831664
1535 1557 1.175046
352 2152 1.126216
1918 1926 3.108098
1897 1926 4.782773
352 3147 4.426264
352 1418 3.181977
2204 2140 4.407282
87 315 3.096683
3094 3455 1.287081
352 2152 1.126216
885 906 2.778942
885 906 2.778942
3178 3197 3.484124
107 776 4.695383
1400 1426 0.690772
3455 3472 3.229713
1221 1284 0.087302
352 3131 0.375975
2954 3197 0.653264
842 1395 0.594797
352 2204 1.114145
352 3185 2.567368
1426 3117 2.924469
776 1006 0.982166
1170 1318 1.522176
3734 3878 0.105284
1400 2153 3.525316
1006 1148 3.297725
1148 1318 4.600676
1400 3117 2.137925
1006 1170 2.58787
492 1149 0.87615
906 953 4.027899
1426 3117 2.924469
977 1349 3.311465
438 906 1.864401
1006 1318 4.943648
906 1006 3.653379
3616 3808 3.154157
2433 2767 1.526963
3143 1489 0.098998
87 315 3.096683
1170 1318 1.522176
885 953 3.879109
977 1318 2.933892
107 1170 4.056479
3253 3406 2.421471
1170 1318 1.522176
107 842 2.715655
3253 3406 2.421471
3147 3185 0.541115
885 1284 1.516607
2954 3406 2.347429
977 1149 2.850943
1006 1149 4.869164
658 1318 3.216731
1535 1557 1.175046
3197 3253 2.377062
1006 1170 2.58787
658 1148 4.773771
3147 3185 0.541115
352 3117 3.991745
776 1149 4.676719
107 1349 3.038029
492 658 3.330908
953 1170 2.951779
3557 3726 1.449768
2970 3094 2.710949
2970 3455 4.977402
438 1221 3.558326
352 3178 2.071459
842 1395 0.594797
107 953 4.582619
3143 1489 0.098998
107 776 4.695383
3117 2153 4.639878
352 3094 4.879477
107 1149 1.145197
107 1006 4.62242
1400 2204 0.335413
492 687 0.022681
107 1006 4.62242
3455 3472 3.229713
3197 3302 1.183348
906 1006 3.653379
492 1148 2.341933
3406 3472 1.705599
1426 2140 0.150445
3094 3253 4.447803
352 2153 2.48117
1400 2204 0.335413
489 1284 2.888547
1418 2152 3.441263
352 3406 3.930667
2433 2767 1.526963
352 3197 3.118226
2204 2140 4.407282
107 384 0.546889
107 1221 1.920117
906 1349 3.444339
1557 1663 0.787585
352 3455 1.560318
885 1284 1.516607
1418 2152 3.441263
107 1221 1.920117
1149 1221 4.793094
352 3178 2.071459
776 906 4.083407
906 1318 4.667842
1400 2204 0.335413
759 859 2.857727
107 1333 0.09919
977 1318 2.933892
658 1148 4.773771
1149 1318 1.667011
776 906 4.083407
1400 2140 1.011638
107 842 2.715655
3117 2152 4.972644
1589 1663 4.606982
492 1284 4.534131
2649 2730 2.018215
1284 1318 4.791552
885 953 3.879109
1589 1663 4.606982
3178 3455 1.108727
107 958 1.619874
622 1162 3.653924
352 2140 1.692941
107 1162 4.534243
3734 3878 0.105284
3178 3455 1.108727
826 1318 1.952473
3253 3455 2.97549
107 658 0.325944
483 1149 4.07815
438 906 1.864401
668 1149 4.789948
1221 1318 4.178375
885 1318 2.632129
1821 3808 3.189859
352 3147 4.426264
977 1318 2.933892
885 1221 1.411314
3616 3784 0.965791
107 1318 0.023463
107 776 4.695383
1850 1897 1.592154
759 1333 4.23187
107 384 0.546889
1400 1418 4.732599
107 958 1.619874
107 561 3.97402
3094 3406 3.984167
3760 3960 3.111474
107 492 2.920505
906 1284 3.469713
906 1006 3.653379
3094 3455 1.287081
2954 3472 3.305232
776 1318 1.267437
3178 3302 4.019657
1758 1816 3.605335
438 1149 1.12946
352 2975 2.95759
352 2140 1.692941
1400 2204 0.335413
906 1221 2.533934
438 953 1.706419
107 842 2.715655
885 1318 2.632129
3734 3878 0.105284
352 2153 2.48117
1426 2152 2.333755
492 1318 2.624079
352 3117 3.991745
1418 1426 2.581998
885 1349 1.311735
906 1149 3.048308
107 1170 4.056479
1821 3917 1.366516
1426 2204 3.267373
107 1284 3.886085
107 561 3.97402
953 1148 1.881668
977 1284 2.512566
1426 2204 3.267373
438 1149 1.12946
1221 1349 4.203952
352 3143 2.766346
1148 1221 1.239211
1821 3516 4.278501
352 3185 2.567368
489 1006 3.62973
1221 1284 0.087302
953 1284 0.185414
352 3147 4.426264
87 315 3.096683
1821 3557 2.37235
561 1349 3.376418
826 1284 4.292901
1740 1770 1.327669
953 1170 2.951779
1821 3734 3.685148
1006 1170 2.58787
3548 3917 1.49843
885 1349 1.311735
759 1333 4.23187
3253 3472 1.051417
658 906 1.93255
885 1221 1.411314
352 2954 3.303359
1400 1418 4.732599
977 1318 2.933892
1170 1284 1.273293
352 2153 2.48117
3726 3734 4.229898
958 1354 4.608849
668 906 4.863121
885 977 2.278026
1418 2152 3.441263
1148 1349 3.119666
107 668 3.055266
3406 3472 1.705599
352 1418 3.181977
3178 3197 3.484124
1418 2140 4.324042
2954 3178 3.471183
885 1149 4.415531
107 826 1.164191
489 1284 2.888547
3094 3197 4.19508
1740 1770 1.327669
2970 3406 2.961305
776 906 4.083407
107 906 2.748238
1006 1149 4.869164
885 1284 1.516607
1740 1770 1.327669
107 658 0.325944
352 2970 1.269027
1400 1418 4.732599
776 906 4.083407
492 1349 4.373311
107 561 3.97402
1400 2152 0.106664
953 1006 4.776854
953 977 0.505294
668 1149 4.789948
483 492 3.513366
3178 3406 0.277014
2970 3302 4.991856
107 492 2.920505
492 1318 2.624079
1400 2153 3.525316
1535 1557 1.175046
885 977 2.278026
885 1149 4.415531
3178 3253 2.114362
438 1148 2.138759
776 1318 1.267437
107 1148 1.112402
3253 3406 2.421471
3094 3302 4.886483
3197 3253 2.377062
438 776 2.921952
1821 3808 3.189859
885 977 2.278026
953 1284 0.185414
1170 1318 1.522176
885 1284 1.516607
906 1006 3.653379
87 315 3.096683
3094 3406 3.984167
1850 1897 1.592154
2954 3472 3.305232
1918 1926 3.108098
1400 2152 0.106664
489 1148 3.603414
1148 1318 4.600676
3143 1489 0.098998
107 885 3.20149
352 2954 3.303359
1221 1349 4.203952
953 1006 4.776854
489 1148 3.603414
1821 3651 2.25314
107 859 3.581289
1418 2152 3.441263
2954 3094 3.26107
1821 3917 1.366516
107 668 3.055266
352 1426 3.270023
352 2152 1.126216
483 658 2.194266
826 1284 4.292901
384 759 4.093737
826 1318 1.952473
1400 2152 0.106664
668 1149 4.789948
107 622 3.53964
3734 3878 0.105284
977 1149 2.850943
977 1349 3.311465
352 2970 1.269027
2954 3094 3.26107
668 1149 4.789948
492 1349 4.373311
352 3117 3.991745
885 1349 1.311735
492 1221 2.38969
1821 3760 4.970644
953 1006 4.776854
1821 3616 4.968689
1170 1221 0.879408
2954 3178 3.471183
776 1318 1.267437
3178 3197 3.484124
352 3356 3.422286
658 687 3.720105
3651 3784 2.046707
352 2954 3.303359
2970 3455 4.977402
885 977 2.278026
1821 3734 3.685148
489 1148 3.603414
107 668 3.055266
1821 3808 3.189859
2204 2140 4.407282
1149 1318 1.667011
438 977 4.779731
107 1006 4.62242
3094 3406 3.984167
492 1221 2.38969
3197 3253 2.377062
1400 2153 3.525316
352 2975 2.95759
352 2970 1.269027
492 1318 2.624079
842 1395 0.594797
3094 3455 1.287081
1821 3960 2.550073
776 1006 0.982166
107 1395 4.934635
107 492 2.920505
352 3455 1.560318
107 1333 0.09919
489 1006 3.62973
3406 3472 1.705599
3197 3455 4.654739
438 776 2.921952
3147 3185 0.541115
906 1284 3.469713
352 3430 4.355732
2954 3178 3.471183
352 2152 1.126216
352 3455 1.560318
352 2140 1.692941
2140 2153 3.381531
3178 3253 2.114362
1426 2153 3.170722
977 1148 0.361924
885 1148 4.650706
2970 3302 4.991856
352 3406 3.930667
3548 3808 2.390374
1069 1249 2.027945
489 1006 3.62973
1535 1557 1.175046
1221 1318 4.178375
1897 1918 1.750448
352 1418 3.181977
489 561 1.268899
1821 3960 2.550073
1426 2152 2.333755
2970 3406 2.961305
1149 1221 4.793094
3117 2153 4.639878
842 1395 0.594797
107 842 2.715655
826 977 4.236093
3117 2152 4.972644
1821 3651 2.25314
1400 1418 4.732599
1170 1284 1.273293
384 859 0.640917
3760 3960 3.111474
885 1148 4.650706
107 885 3.20149
3197 3455 4.654739
561 776 2.596881
107 953 4.582619
438 1221 3.558326
885 953 3.879109
1821 3616 4.968689
1821 3960 2.550073
1400 2153 3.525316
3253 3472 1.051417
2433 2767 1.526963
2954 3094 3.26107
3197 3253 2.377062
953 977 0.505294
2954 3472 3.305232
1170 1318 1.522176
906 953 4.027899
1400 1418 4.732599
107 1148 1.112402
492 1221 2.38969
658 906 1.93255
87 315 3.096683
2576 2675 0.989981
1418 1426 2.581998
1821 3516 4.278501
107 1162 4.534243
3094 3253 4.447803
906 1284 3.469713
2152 2153 1.005833
1821 3651 2.25314
3147 3185 0.541115
1418 2140 4.324042
352 3302 2.574428
658 885 2.329784
438 1149 1.12946
885 1318 2.632129
438 953 1.706419
3117 2153 4.639878
107 885 3.20149
352 2970 1.269027
107 1006 4.62242
492 1318 2.624079
492 687 0.022681
107 1149 1.145197
107 1148 1.112402
3117 2153 4.639878
3197 3302 1.183348
2970 3178 3.687883
906 1221 2.533934
1535 1589 4.285998
3557 3726 1.449768
1821 3557 2.37235
352 3178 2.071459
3094 3197 4.19508
1557 1663 0.787585
492 1349 4.373311
1426 2153 3.170722
489 1006 3.62973
107 958 1.619874
2259 2614 4.640741
107 1221 1.920117
352 2970 1.269027
1821 3734 3.685148
1148 1318 4.600676
352 1418 3.181977
352 3131 0.375975
1821 3760 4.970644
107 1148 1.112402
483 492 3.513366
438 953 1.706419
438 977 4.779731
561 826 0.775087
489 561 1.268899
906 1149 3.048308
776 1006 0.982166
107 492 2.920505
906 1349 3.444339
658 906 1.93255
107 1318 0.023463
3094 3406 3.984167
1148 1221 1.239211
1149 1221 4.793094
2204 2140 4.407282
352 2140 1.692941
352 2153 2.48117
2970 3302 4.991856
1426 2204 3.267373
3651 3784 2.046707
953 1284 0.185414
2954 3472 3.305232
3197 3455 4.654739
658 906 1.93255
107 885 3.20149
1170 1318 1.522176
826 977 4.236093
759 859 2.857727
352 3178 2.071459
658 1149 2.764994
885 1318 2.632129
483 687 0.107917
3406 3455 3.739627
885 1284 1.516607
3178 3455 1.108727
352 3185 2.567368
107 1069 3.628111
3726 3734 4.229898
3253 3455 2.97549
1170 1221 0.879408
2970 3253 3.959796
352 1400 1.377001
658 687 3.720105
953 1318 4.289348
107 1069 3.628111
906 953 4.027899
1148 1221 1.239211
3548 3808 2.390374
2954 3302 0.107975
352 1418 3.181977
826 1318 1.952473
489 1149 2.57825
107 658 0.325944
107 1284 3.886085
1821 3960 2.550073
352 3117 3.991745
885 953 3.879109
1006 1148 3.297725
1821 3917 1.366516
438 906 1.864401
3094 3253 4.447803
438 1318 2.511352
107 1006 4.62242
1148 1349 3.119666
953 1318 4.289348
2667 2772 1.324214
759 1333 4.23187
3253 3455 2.97549
107 658 0.325944
3548 3808 2.390374
1426 2204 3.267373
885 1318 2.632129
352 3430 4.355732
107 1333 0.09919
3406 3455 3.739627
2667 2772 1.324214
3548 3917 1.49843
2954 3406 2.347429
1069 1249 2.027945
1149 1284 0.539343
826 977 4.236093
352 3178 2.071459
87 315 3.096683
3784 3808 1.189324
438 1149 1.12946
3131 3430 1.840405
3178 3455 1.108727
3094 3406 3.984167
561 1006 4.886069
3197 3302 1.183348
384 759 4.093737
561 1349 3.376418
2970 3178 3.687883
1426 2140 0.150445
3197 3406 3.176909
107 842 2.715655
352 3197 3.118226
2954 3302 0.107975
3147 3185 0.541115
2970 3253 3.959796
107 561 3.97402
107 1284 3.886085
3616 3784 0.965791
489 1148 3.603414
2140 2152 3.13136
1221 1318 4.178375
3455 3472 3.229713
3406 3455 3.739627
107 958 1.619874
2667 2772 1.324214
2954 3094 3.26107
1170 1318 1.522176
107 859 3.581289
3726 3878 1.831664
1821 3878 4.573248
977 1349 3.311465
1426 2153 3.170722
2954 3197 0.653264
352 3197 3.118226
658 885 2.329784
977 1149 2.850943
107 1333 0.09919
906 1318 4.667842
953 1170 2.951779
352 3117 3.991745
1535 1557 1.175046
107 1006 4.62242
2954 3197 0.653264
977 1349 3.311465
906 1221 2.533934
2954 3406 2.347429
885 1149 4.415531
958 1354 4.608849
107 859 3.581289
3094 3455 1.287081
826 977 4.236093
953 1284 0.185414
107 1284 3.886085
1006 1149 4.869164
2259 2614 4.640741
2970 3094 2.710949
107 906 2.748238
2970 3253 3.959796
561 1349 3.376418
438 885 0.872664
2140 2152 3.13136
107 1162 4.534243
489 826 1.504348
438 1284 1.169402
3302 3472 1.442417
3178 3302 4.019657
3253 3406 2.421471
1740 1770 1.327669
352 2140 1.692941
1758 1816 3.605335
1821 3616 4.968689
