2597 2599 4.494622
2133 2210 3.117846
1692 1713 3.771139
3146 3155 1.730756
2315 2806 2.765624
1002 1129 1.019726
3276 3296 2.76812
1040 1311 4.390854
2355 2761 3.504747
2088 3875 3.8836
351 2071 0.693877
1237 1320 3.944758
3175 2167 3.808005
5 87 1.879541
3104 3141 0.100748
3063 3386 3.628857
2346 2625 4.013113
2138 2156 3.06182
2323 2871 3.565666
1433 1503 1.880616
3041 3109 0.032647
621 1215 3.198711
667 1089 4.29516
681 995 4.284686
3726 3734 4.229898
107 919 3.786332
0 263 1.707557
3229 3357 2.532946
2434 2854 2.669241
562 1155 1.412693
80 101 1.190803
3096 3477 4.882654
612 1394 4.050832
981 1297 1.320066
3824 3890 1.545005
2370 2429 2.34819
486 1244 2.857655
3112 3250 3.754999
466 1075 2.288511
351 2067 3.877015
3106 3336 2.510397
3057 3445 0.053088
3486 3627 0.054865
1821 3690 3.970507
537 1070 1.222533
1162 1172 0.375288
1130 1352 0.664514
352 3338 4.286613
452 1221 4.317402
1327 1387 2.466852
1267 1320 0.144094
681 1089 2.185324
3096 3445 2.335347
3057 3175 0.502362
3106 3386 4.182179
2346 2599 3.881769
2133 1503 0.03476
1155 1387 0.332314
621 1070 1.92485
452 1387 3.203049
452 1002 0.407392
667 1070 0.21903
3296 3336 4.681211
995 1237 0.768139
2167 3445 4.961696
2346 2625 4.013113
3146 3276 2.784174
2210 2156 3.960143
3146 3386 3.12455
562 1327 1.265782
3141 3296 0.75819
3104 3155 1.507096
3041 3296 0.906995
0 80 2.337975
352 3106 0.894863
1221 1387 4.253444
452 1215 4.501953
1002 1155 2.615043
351 2599 4.757475
0 87 4.434062
2355 2761 3.504747
352 3112 2.902143
1433 2156 3.88817
3104 3112 3.028859
1821 2088 3.374237
3104 3338 3.946632
3104 3146 2.226694
1075 1155 1.385642
2156 1503 4.216225
1327 1387 2.466852
3096 3175 2.724258
1221 1387 4.253444
3146 3477 2.370921
1089 1237 0.8458
3338 3445 3.937477
681 1155 2.717424
919 1172 4.987439
3057 3146 3.433293
1070 1387 4.347354
2597 2625 1.061793
3296 3336 4.681211
2597 2871 0.250218
1215 1327 0.251808
681 1267 2.480725
621 1075 0.95784
107 1311 1.109833
466 1215 4.626649
3104 2167 3.078191
621 1070 1.92485
3175 3276 3.247829
3336 2167 2.602025
352 3250 0.220028
2434 2854 2.669241
1089 1237 0.8458
107 621 1.404982
3141 3155 1.637223
1075 1129 4.572607
352 3104 2.601221
466 1387 1.806624
1089 1221 3.517457
352 3250 0.220028
1089 1215 0.346952
107 1172 3.904089
1070 1155 0.993125
562 1075 4.551525
0 80 2.337975
612 1129 3.962107
995 1075 0.078787
3155 3445 3.773964
995 1129 2.026942
1070 1237 0.619078
352 3155 3.964802
3063 3445 0.838957
351 2854 1.415872
3057 3338 3.772154
3155 3445 3.773964
612 1311 1.911388
621 1002 3.889904
3096 2167 4.828573
3112 3276 3.656411
612 1075 2.540006
1075 1387 4.619943
3057 3296 1.491516
3057 3445 0.053088
1070 1320 3.77779
107 537 1.317261
1692 1713 3.771139
1002 1311 3.383517
3146 3477 2.370921
351 2370 4.824094
452 1070 0.424484
995 1237 0.768139
3486 3726 2.114093
612 995 2.306435
3146 3250 1.783594
1821 3690 3.970507
352 3112 2.902143
3106 3445 0.923952
3057 3096 3.529008
3096 3338 4.179863
2167 3477 3.386789
2346 2599 3.881769
995 1075 0.078787
681 1089 2.185324
3146 2167 1.15986
1237 1352 2.218476
3296 3338 4.337072
107 1075 4.050215
3155 3175 3.86224
2599 2871 3.770493
3175 3276 3.247829
667 1311 1.946384
3229 3357 2.532946
562 995 2.650246
352 3155 3.964802
3096 3112 2.458288
352 3155 3.964802
3104 2167 3.078191
3104 3386 1.09598
3057 3445 0.053088
562 1327 1.265782
3112 3276 3.656411
1089 1237 0.8458
667 1237 2.371222
562 1075 4.551525
1002 1352 4.902579
1130 1352 0.664514
3057 3146 3.433293
995 1040 3.54544
3338 3386 3.250034
2156 1503 4.216225
3104 3106 1.839225
3338 3445 3.937477
3104 2167 3.078191
0 263 1.707557
3096 3386 0.933304
1070 1387 4.347354
107 562 1.350478
3096 3141 4.808391
1002 1040 0.533066
3486 3627 0.054865
107 1215 1.801787
351 2370 4.824094
351 2370 4.824094
1002 1237 0.425441
1089 1155 2.589708
1089 1221 3.517457
3175 3338 1.778218
1320 1387 0.191788
1267 1394 4.630638
107 1244 4.578473
562 1002 2.6844
681 1040 4.894274
466 1267 0.878374
995 1129 2.026942
2346 2871 1.851956
1089 1129 3.578562
3063 3104 2.244114
1129 1155 4.683162
612 1387 3.176299
352 3276 2.341532
3155 2167 4.523188
352 3336 3.21857
3155 2167 4.523188
1433 1503 1.880616
