2994 3173 1.922297
729 1107 4.418019
1843 2028 3.143254
1428 3151 2.83007
1441 2228 0.133965
350 1657 2.649599
1401 3317 1.649362
3718 2046 4.9797
2128 3279 1.923523
2526 2731 1.506449
1466 3284 1.198534
2154 3309 1.383893
3149 3381 1.181926
802 940 1.514072
1853 2015 4.183174
3268 3408 1.313104
1448 2159 1.149115
0 196 2.338023
3204 1466 4.564894
374 808 2.905679
2163 2232 3.971256
2145 3283 3.08142
3099 3470 3.912663
381 1051 3.271603
2773 2795 0.928855
2202 1469 3.76966
351 2528 4.619604
2990 1456 2.024137
2822 2831 0.725623
2451 2684 3.649582
876 1096 0.157033
3191 3214 1.152477
1003 1151 4.322755
685 815 0.290435
1538 350 4.791838
53 88 2.446448
556 761 2.976955
2494 2613 3.756666
3096 3260 4.533746
1069 1073 0.324511
3319 1501 2.495325
3757 3769 2.873227
2944 2962 2.753495
3593 3942 3.25455
919 1351 0.922885
2222 2164 2.87799
564 1246 3.420539
791 1242 1.503277
3490 3687 2.956816
351 2892 0.025033
3165 3282 2.145237
351 2312 1.233995
808 1073 0.625875
2202 1466 2.648784
1428 1441 3.31131
3149 3381 1.181926
3279 3319 4.705783
815 1246 1.589909
1466 1501 4.898618
564 685 0.424402
729 1096 3.652227
2944 3191 0.981371
2994 2145 2.508542
3151 3381 2.3852
3165 3408 2.071488
791 1096 0.554627
3204 1466 4.564894
2128 3284 3.878979
3099 3470 3.912663
3204 3319 1.642865
1242 1246 2.825107
1003 1096 2.185849
685 815 0.290435
1096 1242 3.357425
1428 1441 3.31131
2128 2154 2.874485
1428 2154 1.041282
2962 3408 0.093649
2944 2994 2.859077
2202 2163 4.657092
2222 2164 2.87799
2944 3408 3.790526
2202 3204 1.838299
3165 2154 0.99264
2145 2164 2.788692
381 1051 3.271603
1428 2222 3.394872
2944 3214 3.027005
3165 3260 0.055463
2202 3319 1.668656
2202 1466 2.648784
2994 3173 1.922297
2202 1466 2.648784
2962 3268 4.698992
729 1107 4.418019
2944 3191 0.981371
351 2684 1.882054
2962 2994 3.909149
1441 1466 3.531821
351 2731 2.657196
2154 3260 2.352609
2222 2163 0.489659
3260 3283 3.307188
3165 2145 0.004947
802 940 1.514072
374 808 2.905679
53 196 2.770447
351 2684 1.882054
1428 3149 4.893665
3191 2145 1.060264
685 1246 2.665274
3096 2154 4.750735
2222 2163 0.489659
1096 1151 0.35786
564 729 0.962196
2228 2232 4.855262
1107 1242 3.911806
2994 3191 0.783156
1107 1242 3.911806
3260 3283 3.307188
3214 3408 4.009377
2202 1469 3.76966
1441 1469 1.991901
2944 3260 3.397985
1466 1501 4.898618
351 2526 4.877424
1428 2222 3.394872
685 791 4.434546
2159 2163 3.284336
2994 3408 4.935486
1096 1246 3.234082
3165 3268 3.503122
1428 1441 3.31131
3173 2154 3.509774
350 1657 2.649599
2145 3214 3.988674
3096 3214 3.687287
2202 1466 2.648784
556 761 2.976955
1441 1466 3.531821
2451 2684 3.649582
1441 2164 0.053963
3260 3283 3.307188
1069 1073 0.324511
374 808 2.905679
1401 2990 0.406842
2154 3283 3.341042
685 815 0.290435
815 1242 2.026631
2145 3268 3.008291
729 1096 3.652227
2990 1456 2.024137
3284 2163 2.221422
564 876 4.485381
729 1107 4.418019
351 2773 2.778197
2731 2773 1.851833
3096 3260 4.533746
2451 2892 3.182424
2228 2232 4.855262
1401 1456 3.60016
2526 2773 1.078304
2128 1428 4.784198
2494 2613 3.756666
1466 2228 3.911396
729 1096 3.652227
729 1096 3.652227
876 1107 1.637784
1466 2164 2.882868
2944 2154 1.666701
1428 3151 2.83007
2962 2154 4.032614
2128 1469 0.384302
564 815 2.821284
1151 1242 2.813873
3165 2145 0.004947
2994 3191 0.783156
876 1242 2.970939
1469 2228 0.596219
685 1242 1.611392
1401 3317 1.649362
2154 3408 3.640977
2145 3260 3.21884
3165 3268 3.503122
556 761 2.976955
1448 2163 0.876234
2159 3319 2.469734
2944 2962 2.753495
876 1107 1.637784
3173 3408 2.066421
3173 3408 2.066421
1242 1246 2.825107
2994 3173 1.922297
2128 1428 4.784198
3260 3283 3.307188
2128 2202 2.141251
2159 2163 3.284336
808 1073 0.625875
2154 3408 3.640977
2994 3260 2.921331
791 1242 1.503277
685 876 1.149257
2962 2145 1.967693
2154 3260 2.352609
3151 2222 0.013123
2944 3214 3.027005
791 1246 0.568326
2228 2232 4.855262
1441 1448 1.133997
3151 2222 0.013123
3204 3284 4.877203
791 1246 0.568326
3173 2154 3.509774
2154 2222 2.662538
2222 2164 2.87799
808 1073 0.625875
685 815 0.290435
2773 2795 0.928855
564 1151 3.206057
1448 1466 3.705627
1428 1466 0.513847
3268 3283 0.651403
1401 3317 1.649362
1448 2159 1.149115
1441 1466 3.531821
2944 3408 3.790526
3191 2154 2.659176
876 1107 1.637784
2944 2962 2.753495
802 1069 2.005166
2962 3268 4.698992
1441 2154 3.758128
2962 3173 0.462114
1538 350 4.791838
53 196 2.770447
3319 2163 1.510122
1448 2228 0.877063
2202 1428 4.049793
1428 1501 0.214893
1448 2159 1.149115
3165 2154 0.99264
2990 1456 2.024137
564 1151 3.206057
2154 2159 1.436324
1448 2232 1.819088
791 1242 1.503277
2944 3165 3.251458
2526 2773 1.078304
876 1107 1.637784
685 1151 3.371826
350 1657 2.649599
2962 3165 0.664748
2994 3173 1.922297
2222 2232 3.444532
815 1246 1.589909
2990 3317 0.034929
2163 2232 3.971256
1401 1456 3.60016
3319 2163 1.510122
3309 2164 3.532316
1428 3151 2.83007
2128 2154 2.874485
2944 3268 2.104067
791 876 2.651525
351 2822 0.311699
3260 3408 1.526287
802 1069 2.005166
3173 3283 0.119943
1096 1151 0.35786
1448 1466 3.705627
3096 3165 2.003594
3151 3381 2.3852
2145 3283 3.08142
2128 2202 2.141251
1428 1469 3.305459
1441 2222 0.141702
3204 3284 4.877203
2944 2154 1.666701
2202 3284 2.699646
3165 3191 4.269352
0 196 2.338023
2202 3319 1.668656
3214 3283 2.854126
1853 2015 4.183174
3757 3769 2.873227
2944 3173 2.251249
3165 3191 4.269352
2202 3284 2.699646
2994 2154 3.31443
3165 3408 2.071488
2202 3284 2.699646
3165 3214 3.752009
2994 3173 1.922297
3165 3319 4.773637
808 1069 4.113204
2944 3283 3.314586
3096 3173 1.138378
351 2773 2.778197
808 1073 0.625875
685 791 4.434546
3151 3381 2.3852
685 1246 2.665274
351 2822 0.311699
2944 3260 3.397985
2154 3268 3.795176
3149 3381 1.181926
2222 2163 0.489659
3260 3408 1.526287
2994 3260 2.921331
2159 2163 3.284336
564 876 4.485381
3279 2163 2.824948
1401 2990 0.406842
1441 1466 3.531821
2962 2154 4.032614
2944 3191 0.981371
3204 1466 4.564894
3309 2164 3.532316
3099 3470 3.912663
3165 2154 0.99264
685 1242 1.611392
3204 3279 2.170325
1448 2228 0.877063
351 2494 1.227872
2154 2222 2.662538
1469 2228 0.596219
2154 1466 2.854586
2145 3408 4.165499
685 1246 2.665274
808 1069 4.113204
3165 3173 0.861763
2154 3268 3.795176
351 2684 1.882054
1428 2222 3.394872
351 2451 4.16002
1428 2228 2.059217
2962 3283 1.702762
2128 1441 0.582323
2128 3319 3.962575
2159 2222 1.000839
2128 2154 2.874485
1469 2232 4.902695
0 196 2.338023
3096 3173 1.138378
1096 1246 3.234082
791 1107 1.190704
2163 2232 3.971256
1242 1246 2.825107
791 1242 1.503277
1843 2028 3.143254
564 1246 3.420539
2202 3279 3.109288
1448 2159 1.149115
351 2526 4.877424
351 2822 0.311699
2962 3283 1.702762
1242 1246 2.825107
1441 2164 0.053963
1469 2232 4.902695
2451 2892 3.182424
1096 1107 0.863222
3214 2154 1.080561
2128 1466 0.978038
3096 3283 1.733219
381 1051 3.271603
3593 3942 3.25455
3149 2222 0.156275
685 815 0.290435
2202 1466 2.648784
564 729 0.962196
3490 3687 2.956816
3149 3381 1.181926
1843 2028 3.143254
0 53 3.969285
876 1096 0.157033
2163 2228 1.805584
2145 3268 3.008291
3593 3942 3.25455
3151 2222 0.013123
1428 1466 0.513847
2164 2228 3.257347
53 88 2.446448
1448 2228 0.877063
685 1242 1.611392
1428 1466 0.513847
3096 3260 4.533746
2202 2163 4.657092
1107 1242 3.911806
1538 381 1.760886
1466 3319 0.582506
2154 3268 3.795176
2994 3408 4.935486
1441 2154 3.758128
3165 3283 0.002748
2159 2164 4.781279
3149 3151 4.189225
351 2831 3.855394
3490 3687 2.956816
3165 3260 0.055463
2154 3309 1.383893
351 2831 3.855394
2128 1469 0.384302
2944 2994 2.859077
351 2892 0.025033
802 808 2.9358
3096 2154 4.750735
2944 2145 3.910074
3096 3165 2.003594
2944 3283 3.314586
2990 3317 0.034929
351 2795 1.646978
2128 3204 4.754201
2990 1456 2.024137
2128 1441 0.582323
2822 2831 0.725623
2154 3408 3.640977
2994 2154 3.31443
3718 2046 4.9797
876 1242 2.970939
2990 1456 2.024137
2962 2154 4.032614
815 1242 2.026631
2154 3268 3.795176
2228 2232 4.855262
1428 3151 2.83007
1428 1448 4.19121
3173 2154 3.509774
2159 2222 1.000839
685 1096 3.531506
876 1096 0.157033
2163 2164 1.167434
2222 2164 2.87799
2962 3165 0.664748
2154 2222 2.662538
1441 2164 0.053963
2994 3408 4.935486
1448 1501 3.343614
2145 2164 2.788692
2164 2228 3.257347
919 1351 0.922885
1441 2222 0.141702
3204 3284 4.877203
3165 2145 0.004947
1401 1456 3.60016
1448 2163 0.876234
2962 3165 0.664748
1466 2164 2.882868
2962 2145 1.967693
3319 2163 1.510122
3165 3408 2.071488
802 808 2.9358
2990 1456 2.024137
808 1073 0.625875
3214 3283 2.854126
1466 1501 4.898618
351 2822 0.311699
0 196 2.338023
1466 2232 4.8188
3279 3284 1.527969
3096 3408 3.336803
2159 2163 3.284336
2944 2962 2.753495
3165 3319 4.773637
351 2731 2.657196
1466 2228 3.911396
2994 3283 0.14206
2145 3408 4.165499
3283 3408 4.679574
1538 350 4.791838
1441 2232 4.486783
2202 3284 2.699646
2994 3096 1.476767
3268 3283 0.651403
3204 3284 4.877203
2202 3284 2.699646
351 2795 1.646978
0 88 3.271935
2154 3408 3.640977
3165 3283 0.002748
3165 3260 0.055463
3165 3214 3.752009
0 53 3.969285
2994 3283 0.14206
3204 1466 4.564894
2159 3319 2.469734
2222 2164 2.87799
2154 3283 3.341042
2154 2159 1.436324
2962 2994 3.909149
1401 2990 0.406842
1428 3381 4.712475
3268 3408 1.313104
2944 2994 2.859077
3165 3283 0.002748
3490 3687 2.956816
3165 3319 4.773637
1843 1853 3.124105
2222 2232 3.444532
876 1242 2.970939
2994 3173 1.922297
2145 3282 4.75237
564 1246 3.420539
1843 1853 3.124105
3165 3408 2.071488
1448 2159 1.149115
3149 3151 4.189225
2159 3319 2.469734
1428 1441 3.31131
3151 2222 0.013123
1428 3149 4.893665
1843 2015 3.503904
3260 3408 1.526287
564 815 2.821284
815 1242 2.026631
564 1242 0.510408
815 1242 2.026631
2154 2222 2.662538
1428 3381 4.712475
3096 3260 4.533746
2154 3268 3.795176
1538 350 4.791838
351 2494 1.227872
1107 1242 3.911806
2202 1466 2.648784
802 940 1.514072
685 815 0.290435
791 1242 1.503277
685 1107 2.997856
2202 1466 2.648784
3490 3687 2.956816
2202 3284 2.699646
1448 2228 0.877063
1466 2164 2.882868
1469 2228 0.596219
3593 3942 3.25455
53 88 2.446448
3096 2154 4.750735
564 876 4.485381
3173 2154 3.509774
729 1246 4.511082
564 815 2.821284
2990 1456 2.024137
564 1246 3.420539
2128 3284 3.878979
2159 2222 1.000839
3191 2145 1.060264
1448 1466 3.705627
1096 1107 0.863222
1466 1469 2.456452
1428 1466 0.513847
3149 3381 1.181926
2994 3096 1.476767
2128 1441 0.582323
1428 1448 4.19121
1096 1246 3.234082
351 2892 0.025033
2994 3408 4.935486
685 791 4.434546
3165 3319 4.773637
2128 1466 0.978038
808 1073 0.625875
351 2526 4.877424
2994 3173 1.922297
3191 2145 1.060264
3214 2154 1.080561
2944 2145 3.910074
2159 2232 0.215144
1428 1466 0.513847
3165 3282 2.145237
2994 3268 3.581604
351 2312 1.233995
2145 3268 3.008291
2944 3191 0.981371
729 1246 4.511082
2222 2228 2.884964
3165 3283 0.002748
2128 1466 0.978038
1428 3149 4.893665
1428 3381 4.712475
3260 3268 3.840499
3268 3283 0.651403
1466 2228 3.911396
3165 3191 4.269352
815 1242 2.026631
802 1069 2.005166
3165 3268 3.503122
3214 3408 4.009377
3165 3319 4.773637
729 1246 4.511082
808 1069 4.113204
3214 2154 1.080561
876 1107 1.637784
1401 3317 1.649362
2145 3282 4.75237
3096 2145 3.200738
1003 1096 2.185849
3191 2154 2.659176
802 940 1.514072
3165 3173 0.861763
1428 2154 1.041282
3309 2164 3.532316
1448 1466 3.705627
2312 2451 1.163639
3096 3408 3.336803
791 1096 0.554627
1428 1441 3.31131
1466 3284 1.198534
2145 3283 3.08142
2731 2773 1.851833
2202 1466 2.648784
1096 1151 0.35786
3283 3408 4.679574
685 1096 3.531506
2451 2892 3.182424
2962 3165 0.664748
2145 3214 3.988674
2128 3284 3.878979
2962 3173 0.462114
1466 2163 3.045613
3268 3408 1.313104
876 1242 2.970939
351 2795 1.646978
2684 2892 2.750871
2944 3268 2.104067
3260 3283 3.307188
2128 1466 0.978038
815 1107 4.722765
3165 2154 0.99264
1448 2159 1.149115
3173 2154 3.509774
0 196 2.338023
3757 3769 2.873227
2159 2164 4.781279
1428 2222 3.394872
2202 3319 1.668656
3268 3283 0.651403
802 808 2.9358
2128 3204 4.754201
2822 2831 0.725623
3151 3284 0.093202
2684 2892 2.750871
685 1242 1.611392
3096 2145 3.200738
2990 3317 0.034929
2128 3284 3.878979
685 876 1.149257
1466 3279 0.035239
2145 2154 4.684617
351 2892 0.025033
2145 3408 4.165499
351 2822 0.311699
1428 3381 4.712475
3191 2145 1.060264
1441 2222 0.141702
815 1246 1.589909
1107 1246 0.720349
815 1246 1.589909
3096 3191 0.282811
3279 2163 2.824948
3096 3214 3.687287
2145 2154 4.684617
2994 3096 1.476767
2994 3260 2.921331
1428 1448 4.19121
3279 3319 4.705783
1448 2228 0.877063
1428 3381 4.712475
2202 1469 3.76966
3283 3408 4.679574
1843 2028 3.143254
876 1096 0.157033
791 1246 0.568326
3284 2163 2.221422
3757 3769 2.873227
2994 2145 2.508542
