1565 1638 2.438152
1777 1791 3.338925
366 588 4.927061
590 1062 3.69725
2192 2133 2.783501
1430 1453 4.284378
2630 2722 2.10558
3407 3437 3.387818
2964 3133 1.325639
3655 3758 2.593996
3058 3410 1.258897
1950 1979 1.688077
1066 1090 3.130243
3879 3925 1.818515
3343 2171 3.148012
2164 2228 3.257347
2246 2605 1.133701
2597 2756 4.156229
2597 2932 3.879208
2970 2145 3.183127
2241 2797 2.452443
817 1334 2.116726
2362 2640 4.360732
2529 2624 0.877845
2104 2710 4.200697
2602 2780 1.687399
970 1359 0.550625
1399 2209 2.81801
3226 3266 1.935853
625 1194 2.465869
3071 3296 3.611396
554 1366 2.536218
2152 1462 4.397632
100 269 4.828495
1858 1961 2.052355
1593 1718 4.724407
1435 2223 3.617433
3851 3948 4.299499
3032 3076 4.426522
2964 3053 1.931906
1118 1312 0.461487
830 1108 3.764174
1788 1800 1.952422
1527 1554 3.627299
280 332 0.678604
569 999 2.377721
2362 2748 1.648034
2989 3399 0.060865
1821 3956 3.227084
2150 1475 3.081918
3024 3438 2.145239
3296 3398 1.723297
2964 3053 1.931906
1777 1791 3.338925
366 1366 0.092322
2246 2722 2.183463
1435 1453 1.980936
2104 2241 4.796426
3076 3399 3.413554
3398 3437 1.724828
2989 3071 0.604865
999 1108 0.740841
817 970 0.121667
2209 2150 0.465463
3133 3296 2.633696
1435 2152 2.788833
2223 2228 4.099271
3024 3071 4.032722
3053 3438 1.876381
1430 1453 4.284378
1435 2209 0.108214
1435 2223 3.617433
3398 3399 4.066065
2624 2756 1.634097
2970 3058 1.943928
1462 2228 3.884965
3399 3437 2.950502
2964 3032 0.648894
3053 2145 4.284413
2209 1462 3.148802
2145 2164 2.788692
2133 1435 0.103068
3399 3437 2.950502
3058 3407 1.333541
2133 2228 1.724232
2150 1462 1.911685
2970 3058 1.943928
3399 2171 1.937761
1118 1312 0.461487
3058 3410 1.258897
1435 2152 2.788833
3076 3398 4.120213
2209 1462 3.148802
2150 2164 0.653154
3410 3438 1.475182
3071 3398 1.353731
554 817 0.903751
2605 2756 4.182951
3399 3410 1.40558
2964 3407 1.845764
2989 3071 0.604865
1430 2152 4.993769
2192 2228 4.523583
2964 3053 1.931906
2624 2630 1.924338
2246 2756 2.047515
1475 2171 1.629207
2964 3399 1.12511
3053 3133 2.809513
1565 366 3.677823
2964 3133 1.325639
2605 2722 1.956822
1430 2164 1.733006
2133 2171 1.542164
1090 1118 3.674547
2964 3407 1.845764
3071 3438 2.626792
999 1108 0.740841
2145 3407 1.010839
1821 3948 1.053037
817 970 0.121667
1821 3948 1.053037
2964 3024 4.103843
2192 2228 4.523583
3296 3437 1.651394
2989 3296 4.842634
1435 1453 1.980936
1821 3956 3.227084
2989 3024 0.942457
3076 3296 1.362225
2133 1453 3.9104
970 1359 0.550625
3058 3399 2.665234
3296 3399 3.456033
2722 2756 4.007493
2964 3058 0.928254
2152 2223 3.177156
2145 2164 2.788692
2192 2228 4.523583
1399 2209 2.81801
1435 2171 1.821722
590 1062 3.69725
1430 2164 1.733006
3058 2145 0.34035
1430 1435 2.716522
2602 2241 0.238403
3053 3058 4.305994
1475 2171 1.629207
1453 2164 4.205815
2970 3398 2.040292
2989 3071 0.604865
2964 3133 1.325639
3076 3407 2.609951
2602 2710 3.084509
2970 3032 3.005266
2164 3407 4.636112
2152 2171 2.411578
1821 3879 2.57719
2602 2780 1.687399
3032 3407 0.679957
2133 1462 2.244614
3058 3398 1.949941
1821 3956 3.227084
2630 2722 2.10558
2246 2630 3.437309
2989 3053 0.794089
366 1366 0.092322
2722 2756 4.007493
2246 2630 3.437309
2133 2171 1.542164
2150 1475 3.081918
3032 3133 3.565862
3071 3133 0.680914
2246 2630 3.437309
2630 2722 2.10558
2133 2223 0.596818
3296 3437 1.651394
2970 3053 1.695048
2970 3437 4.297227
2145 3296 4.981689
3076 3296 1.362225
2989 2145 0.585402
1435 2209 0.108214
2192 1475 1.326734
2964 3024 4.103843
1858 1961 2.052355
1453 2171 3.610288
2964 3398 2.449344
3053 3296 0.725508
2192 2133 2.783501
3076 3398 4.120213
1858 1979 0.657495
2150 2228 0.421524
3024 3032 3.636844
2624 2630 1.924338
2597 2722 0.157067
366 1366 0.092322
2246 2756 2.047515
2152 2171 2.411578
1462 1475 2.382791
2164 3407 4.636112
3133 3398 3.157234
1435 2209 0.108214
1821 3655 0.132249
1821 3851 0.297163
3399 2171 1.937761
1453 2164 4.205815
3032 3053 0.982272
3407 3410 1.066408
3851 3948 4.299499
554 1108 2.637699
1821 3879 2.57719
2246 2756 2.047515
2246 2722 2.183463
3032 3133 3.565862
366 1366 0.092322
2209 2164 3.037536
3076 3398 4.120213
1453 2228 3.966747
817 970 0.121667
2152 2171 2.411578
1090 1118 3.674547
3071 3407 2.819022
2964 3407 1.845764
2362 2640 4.360732
2223 2228 4.099271
366 1366 0.092322
2133 2150 1.828649
1435 2152 2.788833
2150 2164 0.653154
3053 3296 0.725508
2989 3407 0.175852
2133 2223 0.596818
2192 1399 1.793328
2624 2932 1.355582
1475 2164 4.413465
1435 1453 1.980936
3399 3437 2.950502
2602 2797 0.416744
1565 366 3.677823
2362 2602 2.347735
3399 3410 1.40558
1453 2164 4.205815
2989 3398 4.826564
2192 1475 1.326734
1462 2171 4.166552
2970 3058 1.943928
2362 2748 1.648034
1593 1718 4.724407
3053 3398 2.276908
2964 3076 0.984359
3053 3133 2.809513
3032 3053 0.982272
3058 3071 0.559834
3410 3438 1.475182
1430 2150 4.244407
2989 3053 0.794089
2970 3032 3.005266
2597 2624 4.489264
970 1359 0.550625
569 1090 2.2945
3133 3438 2.877126
1821 3655 0.132249
1593 366 3.625715
2133 2228 1.724232
1475 2228 0.577837
3655 3925 1.081513
2964 3399 1.12511
1554 366 1.173695
2104 2710 4.200697
1066 1334 4.746816
2192 2133 2.783501
1435 2152 2.788833
2362 2640 4.360732
1593 366 3.625715
1066 1090 3.130243
830 1312 4.602658
2710 2797 0.874424
1462 2171 4.166552
1821 3879 2.57719
2597 2756 4.156229
2145 2164 2.788692
2145 3296 4.981689
1399 2152 1.032851
1435 2228 3.562658
2362 2748 1.648034
2722 2756 4.007493
2133 1453 3.9104
625 1194 2.465869
2133 2150 1.828649
2989 3296 4.842634
1475 2228 0.577837
970 1359 0.550625
2209 1453 2.011584
2145 3438 2.693052
3032 3410 1.414349
3076 3399 3.413554
3399 3437 2.950502
1565 1638 2.438152
3053 3438 1.876381
1777 1791 3.338925
1462 2228 3.884965
2209 2150 0.465463
554 1108 2.637699
2970 3398 2.040292
3024 3076 2.19802
3410 3437 2.981881
2970 3053 1.695048
1821 3655 0.132249
366 588 4.927061
3058 3399 2.665234
3024 3410 3.801413
1435 2209 0.108214
2192 2150 2.533333
2133 1475 3.505516
2241 2797 2.452443
2989 3024 0.942457
2722 2756 4.007493
569 817 3.828021
2964 2970 2.013602
2989 3076 2.009412
3058 3071 0.559834
1821 3655 0.132249
817 970 0.121667
2133 2223 0.596818
