3492 2088 0.35147
3604 3773 1.055072
2529 2698 2.16225
1188 1361 0.132189
545 1043 4.9731
846 1291 0.642723
669 1361 3.114406
1663 1705 1.30697
3055 3476 0.938427
3179 3388 4.788692
2292 2627 1.013961
2347 2726 2.750629
675 982 0.098016
3065 3087 3.505176
25 84 2.092537
2304 2641 1.704176
1558 1651 4.602906
707 1194 1.315132
2498 2500 2.379657
713 909 2.778825
2949 3316 4.20474
3055 3284 4.533465
723 818 2.264244
3236 3270 4.416119
946 1108 0.513814
173 1510 0.992969
562 1174 0.447752
2428 2645 3.230741
2349 2592 3.380962
2285 2366 1.89159
2131 1420 1.129648
3061 3327 3.612577
445 757 3.227054
2508 2902 2.704095
1448 2154 1.875515
3044 3146 4.90507
2332 2334 3.911025
2322 2636 1.623962
995 1250 4.232523
2454 2110 1.819033
2540 2769 0.520311
3444 2232 3.828614
1435 2160 3.455273
2948 3099 3.605355
3048 3219 4.831397
639 1301 3.045178
757 1387 1.3458
1454 1501 4.660012
107 1276 4.563694
352 3091 0.499349
3165 2167 2.521456
707 1388 4.783486
3179 3388 4.788692
995 1108 1.83741
2428 2636 3.390593
107 639 3.722881
562 995 2.650246
352 3065 2.376127
1108 1276 3.780942
669 1188 0.348514
707 909 0.719736
3044 2167 4.530931
107 723 1.535053
1174 1387 2.852228
2347 2726 2.750629
2131 2160 3.466404
1043 1276 3.969321
2428 2500 1.182561
3091 3270 3.777282
707 1388 4.783486
352 3048 2.562124
352 3284 1.988683
3087 3219 3.728126
3044 3165 4.112021
639 1108 2.312664
3048 3270 2.093179
545 1043 4.9731
2285 2902 1.309571
2131 2154 3.974639
2529 2641 3.93992
2500 2645 0.421389
3165 2154 0.99264
3044 3165 4.112021
1250 1276 4.898473
3087 3165 3.539347
107 669 4.86171
2154 2167 3.260045
352 3065 2.376127
1174 1387 2.852228
3146 3165 1.603526
995 1276 3.582707
982 1194 1.493995
1043 1174 3.771858
352 2167 1.766379
107 1276 4.563694
562 1043 4.813286
946 1108 0.513814
2498 2645 4.282218
757 1301 4.48331
2454 2592 3.52146
1250 1276 4.898473
639 1301 3.045178
445 639 4.104056
2154 2160 4.268774
2949 3444 3.980717
562 1301 1.991746
2154 1501 4.206763
1558 1651 4.602906
2592 2769 1.79957
3048 2167 1.659564
2769 2902 1.471959
1651 1663 1.954082
3091 3236 0.84962
1448 2232 1.819088
2304 2641 1.704176
352 1420 4.52316
107 707 0.613918
352 2948 1.926656
946 1250 3.463919
1420 1448 3.056053
1420 1454 4.275583
2154 2160 4.268774
3087 2167 2.811786
3284 3476 0.347493
3044 3091 3.418056
707 1388 4.783486
352 2154 4.386699
3087 3270 2.024474
3087 2154 2.85205
2500 2645 0.421389
352 1454 3.51994
2131 1454 4.688941
2529 2641 3.93992
107 1174 4.514454
3165 2167 2.521456
2154 1501 4.206763
3146 2167 1.15986
3044 3236 1.958954
107 639 3.722881
2131 3284 4.917565
675 982 0.098016
3270 2167 1.175531
352 3087 4.276226
2322 2498 4.99681
2349 2769 3.069981
2592 2769 1.79957
2508 2540 1.893054
946 1108 0.513814
3087 2154 2.85205
545 1250 4.444587
2131 1448 1.746022
352 2131 0.593177
2332 2334 3.911025
1043 1108 3.284028
2334 2428 0.138805
707 909 0.719736
3146 2167 1.15986
562 1174 0.447752
107 818 0.320492
3055 3284 4.533465
1558 1651 4.602906
3048 3065 2.370387
2285 2366 1.89159
675 1194 3.884069
3087 2167 2.811786
2160 1501 1.997949
1454 1501 4.660012
2347 2769 2.748009
1043 1108 3.284028
562 1301 1.991746
107 1194 2.475889
995 1276 3.582707
3091 3270 3.777282
1448 1501 3.343614
995 1174 3.90704
1174 1387 2.852228
1301 1387 4.501679
1435 2154 3.453267
1454 1501 4.660012
3048 3065 2.370387
1435 3284 1.054495
3048 2167 1.659564
352 3165 3.870459
3091 3236 0.84962
1558 1651 4.602906
3284 3476 0.347493
982 1188 1.936782
3087 2167 2.811786
1420 1448 3.056053
3048 3065 2.370387
3146 2154 2.047503
2322 2498 4.99681
352 2948 1.926656
3087 3165 3.539347
107 545 4.580198
3099 3327 0.648508
107 995 2.507466
107 707 0.613918
3087 3270 2.024474
1420 2160 1.612009
107 1301 4.879841
1108 1250 0.158969
1454 3316 2.211598
995 1276 3.582707
1420 1454 4.275583
107 445 2.488115
352 3444 1.482877
3055 3316 0.67436
3165 3270 1.973618
1651 1663 1.954082
675 1194 3.884069
107 1250 2.186467
946 1108 0.513814
1435 2154 3.453267
352 1501 1.932037
1188 1361 0.132189
2131 1420 1.129648
545 562 1.749727
639 757 2.933848
2428 2645 3.230741
1174 1301 1.156194
1108 1174 2.727106
545 562 1.749727
1043 1276 3.969321
107 1361 4.202456
2529 2698 2.16225
107 1387 3.194631
2498 2636 4.68729
1435 2154 3.453267
107 1194 2.475889
1420 2160 1.612009
3044 3165 4.112021
3146 3270 1.736463
107 982 1.346409
2131 1420 1.129648
2428 2500 1.182561
3048 3270 2.093179
352 3099 3.730178
2769 2902 1.471959
2322 2428 3.377924
1558 1651 4.602906
2322 2500 1.381583
3055 3284 4.533465
107 757 1.124932
352 3316 3.882746
3048 3146 2.948356
1558 1651 4.602906
3236 2154 3.080344
352 2949 1.305644
1174 1301 1.156194
3091 3165 1.981885
2347 2592 4.727871
352 2160 3.66674
1420 1501 2.717505
2540 2769 0.520311
1454 2160 4.508967
107 982 1.346409
545 1301 3.622794
2500 2636 0.822599
1435 1501 0.952428
107 669 4.86171
3091 3146 1.455184
3091 2154 2.297456
2332 2334 3.911025
107 1188 4.082644
352 3284 1.988683
946 1108 0.513814
352 3444 1.482877
1043 1108 3.284028
2500 2636 0.822599
2131 1454 4.688941
107 1387 3.194631
3044 2167 4.530931
107 1188 4.082644
352 1501 1.932037
3065 3236 2.287737
107 1291 2.449801
352 3146 0.087429
2322 2498 4.99681
3048 3065 2.370387
352 3179 0.00552
1420 1435 3.323374
2428 2645 3.230741
3179 3388 4.788692
3091 3236 0.84962
3165 2154 0.99264
3091 3270 3.777282
2636 2645 2.915644
3165 2167 2.521456
107 723 1.535053
1420 2160 1.612009
3219 3236 2.123058
107 562 1.350478
723 818 2.264244
3165 3236 1.410713
2131 3055 3.647274
3048 3087 1.406812
669 1188 0.348514
946 1108 0.513814
107 995 2.507466
107 707 0.613918
3146 2154 2.047503
107 995 2.507466
2498 2500 2.379657
2154 1501 4.206763
2131 2154 3.974639
2500 2645 0.421389
2428 2641 4.010426
445 757 3.227054
2529 2698 2.16225
3048 3146 2.948356
1448 3444 0.484728
2498 2645 4.282218
3065 3165 4.035168
3048 2154 0.066631
3165 3236 1.410713
3219 2167 3.894407
3492 2088 0.35147
3087 2167 2.811786
3048 3087 1.406812
2304 2698 3.172631
946 995 3.723055
562 1174 0.447752
545 1043 4.9731
352 1448 3.647857
352 3055 4.62174
107 1194 2.475889
352 3146 0.087429
3165 2154 0.99264
3219 2167 3.894407
1043 1174 3.771858
545 1108 4.773581
3099 3327 0.648508
545 1301 3.622794
545 562 1.749727
352 2949 1.305644
946 1108 0.513814
2334 2500 4.028866
107 639 3.722881
982 1188 1.936782
352 3091 0.499349
3236 3270 4.416119
173 1510 0.992969
3087 2154 2.85205
1420 3284 2.702843
2347 2902 2.111185
2292 2627 1.013961
2428 2636 3.390593
3284 3476 0.347493
3087 2167 2.811786
2508 2902 2.704095
1108 1174 2.727106
25 84 2.092537
107 1043 4.116144
713 909 2.778825
707 1388 4.783486
707 1194 1.315132
982 1188 1.936782
2131 3284 4.917565
3048 3091 1.682839
2500 2645 0.421389
2131 1448 1.746022
107 1361 4.202456
3065 3091 1.498942
995 1108 1.83741
2508 2627 3.932198
2292 2627 1.013961
3165 3219 0.015608
3044 3165 4.112021
2347 2726 2.750629
352 3476 2.363908
2500 2645 0.421389
107 1250 2.186467
639 1301 3.045178
2322 2500 1.381583
107 707 0.613918
2131 1435 0.025359
107 669 4.86171
1420 1501 2.717505
545 995 4.487382
1435 1454 2.868616
107 1250 2.186467
3146 2167 1.15986
3044 3087 2.8136
3044 3091 3.418056
352 3087 4.276226
2285 2902 1.309571
562 1043 4.813286
352 2167 1.766379
3165 2154 0.99264
3236 3270 4.416119
352 1501 1.932037
1454 3284 1.459184
2347 2902 2.111185
3146 3219 1.831354
107 445 2.488115
946 1108 0.513814
352 1454 3.51994
445 639 4.104056
3087 3270 2.024474
562 1108 4.861278
2285 2366 1.89159
352 3048 2.562124
3091 2167 0.395209
3048 3165 4.859249
352 3099 3.730178
107 445 2.488115
946 1250 3.463919
2454 2592 3.52146
2131 1501 3.813089
3048 2167 1.659564
3146 3165 1.603526
545 562 1.749727
2366 2454 0.056553
2160 1501 1.997949
707 1194 1.315132
2349 2592 3.380962
445 757 3.227054
107 818 0.320492
2508 2902 2.704095
2131 1435 0.025359
3236 2167 3.996812
1454 3284 1.459184
1301 1387 4.501679
3065 2167 1.464634
352 1454 3.51994
3048 2154 0.066631
352 3327 3.499223
1448 1501 3.343614
1108 1250 0.158969
2347 2592 4.727871
2347 2454 2.325666
1043 1276 3.969321
2292 2627 1.013961
639 757 2.933848
2454 2110 1.819033
545 1174 4.140188
107 909 0.76632
107 1043 4.116144
2285 2454 1.397572
2508 2627 3.932198
2322 2645 3.925434
1108 1276 3.780942
3091 3146 1.455184
352 2154 4.386699
545 562 1.749727
352 2948 1.926656
2322 2645 3.925434
1420 1435 3.323374
352 3044 1.746556
545 995 4.487382
3061 3327 3.612577
352 1501 1.932037
352 1420 4.52316
3091 3146 1.455184
107 545 4.580198
2540 2627 1.141607
107 707 0.613918
107 675 1.601132
352 3444 1.482877
1448 2154 1.875515
2454 2110 1.819033
352 2232 1.231783
1435 1501 0.952428
995 1108 1.83741
3099 3327 0.648508
1435 2154 3.453267
107 1361 4.202456
707 1194 1.315132
107 713 2.524695
2131 1448 1.746022
3179 3388 4.788692
2304 2529 1.42985
1420 2154 1.50121
352 3179 0.00552
3065 2154 0.840483
675 1194 3.884069
995 1250 4.232523
3091 2167 0.395209
107 713 2.524695
2428 2641 4.010426
2347 2769 2.748009
3065 2167 1.464634
562 1301 1.991746
107 713 2.524695
107 1188 4.082644
1250 1276 4.898473
2428 2641 4.010426
946 1108 0.513814
2347 2902 2.111185
2540 2769 0.520311
2304 2529 1.42985
352 3219 4.10678
2498 2636 4.68729
3044 3087 2.8136
1108 1174 2.727106
3087 3146 1.657931
2154 2167 3.260045
3061 3327 3.612577
2304 2698 3.172631
3236 3270 4.416119
2347 2726 2.750629
3048 3219 4.831397
3146 2167 1.15986
669 1361 3.114406
3065 2154 0.840483
3146 3219 1.831354
1420 1435 3.323374
3055 3476 0.938427
3284 3476 0.347493
352 3476 2.363908
107 1108 3.821298
3165 2154 0.99264
562 1108 4.861278
3316 3476 4.493577
562 1174 0.447752
352 2232 1.231783
2636 2645 2.915644
2131 3055 3.647274
562 1108 4.861278
2285 2366 1.89159
946 1108 0.513814
107 1188 4.082644
107 1043 4.116144
352 3087 4.276226
2540 2902 2.357424
1420 2232 0.654592
2726 2110 4.978698
707 1388 4.783486
3091 2154 2.297456
3044 2154 2.500167
1043 1108 3.284028
3284 3476 0.347493
2949 3316 4.20474
3091 3165 1.981885
2949 3316 4.20474
2508 2540 1.893054
3091 3270 3.777282
107 1188 4.082644
352 1420 4.52316
3284 3316 2.283217
107 545 4.580198
2454 2110 1.819033
352 1448 3.647857
1448 3316 0.015278
3061 3327 3.612577
1454 2160 4.508967
2154 1501 4.206763
352 3236 2.305672
707 1188 2.578171
3284 3316 2.283217
707 909 0.719736
2508 2902 2.704095
2334 2500 4.028866
3065 3236 2.287737
352 3099 3.730178
2508 2902 2.704095
1454 3284 1.459184
2322 2500 1.381583
2508 2540 1.893054
3065 2167 1.464634
3091 2167 0.395209
2285 2454 1.397572
1435 2160 3.455273
3284 3316 2.283217
352 1501 1.932037
2131 3476 1.592716
107 707 0.613918
2428 2641 4.010426
1435 3316 2.765654
3165 3219 0.015608
2500 2636 0.822599
2592 2769 1.79957
107 562 1.350478
1108 1276 3.780942
1420 2232 0.654592
352 2232 1.231783
3146 3165 1.603526
995 1250 4.232523
2334 2500 4.028866
2592 2902 1.08437
3091 3236 0.84962
3055 3316 0.67436
107 639 3.722881
995 1250 4.232523
2334 2428 0.138805
352 3044 1.746556
3284 3316 2.283217
2347 2454 2.325666
995 1108 1.83741
2529 2641 3.93992
352 2131 0.593177
3048 3091 1.682839
3091 3219 3.521773
1435 1454 2.868616
2131 1435 0.025359
1174 1387 2.852228
639 1301 3.045178
107 995 2.507466
545 1043 4.9731
1420 1501 2.717505
1435 3284 1.054495
352 1448 3.647857
3236 2167 3.996812
3044 2167 4.530931
3604 3773 1.055072
2131 1501 3.813089
3091 2167 0.395209
3146 3165 1.603526
562 1301 1.991746
1420 2232 0.654592
1435 1448 3.122657
2322 2636 1.623962
3044 3236 1.958954
107 1174 4.514454
3055 3476 0.938427
352 3327 3.499223
562 1108 4.861278
352 3061 2.77262
1435 1448 3.122657
3048 3091 1.682839
545 562 1.749727
25 84 2.092537
1435 2154 3.453267
352 3048 2.562124
352 1448 3.647857
3165 3270 1.973618
3065 2154 0.840483
2726 2110 4.978698
3065 2167 1.464634
1435 1448 3.122657
3044 3146 4.90507
3044 3219 1.908532
2131 1420 1.129648
2131 1435 0.025359
352 3165 3.870459
2131 1448 1.746022
3444 2232 3.828614
3146 3219 1.831354
3099 3327 0.648508
545 1250 4.444587
3044 3087 2.8136
3165 3219 0.015608
713 909 2.778825
545 1043 4.9731
107 1387 3.194631
2154 2160 4.268774
3065 3146 1.011898
1454 3284 1.459184
2304 2529 1.42985
2498 2500 2.379657
352 3061 2.77262
3044 3065 0.726808
639 757 2.933848
25 84 2.092537
1194 1361 3.466505
352 2949 1.305644
352 3165 3.870459
3065 3087 3.505176
3065 2167 1.464634
2428 2645 3.230741
1435 3316 2.765654
1435 2160 3.455273
2349 2769 3.069981
2540 2902 2.357424
1174 1387 2.852228
107 675 1.601132
2592 2902 1.08437
1448 1501 3.343614
25 84 2.092537
3048 3146 2.948356
352 3099 3.730178
352 3044 1.746556
3146 3165 1.603526
3044 3146 4.90507
2540 2627 1.141607
2131 1454 4.688941
2636 2645 2.915644
707 1388 4.783486
707 1388 4.783486
3165 3270 1.973618
545 995 4.487382
995 1276 3.582707
2508 2540 1.893054
2285 2454 1.397572
707 909 0.719736
2540 2627 1.141607
2285 2902 1.309571
3165 2167 2.521456
545 1043 4.9731
3055 3476 0.938427
2131 3055 3.647274
1435 3284 1.054495
3087 3146 1.657931
1435 1501 0.952428
2769 2902 1.471959
107 669 4.86171
1420 1501 2.717505
1435 1448 3.122657
2285 2902 1.309571
562 1301 1.991746
1043 1174 3.771858
3048 3236 4.14016
3048 2167 1.659564
1420 3316 3.041514
3044 3048 1.942548
3048 3165 4.859249
3236 2167 3.996812
1435 3316 2.765654
107 1361 4.202456
25 84 2.092537
3165 3236 1.410713
1448 3444 0.484728
982 1194 1.493995
946 1250 3.463919
2322 2645 3.925434
2154 3270 0.516047
2154 2167 3.260045
107 1194 2.475889
3048 3065 2.370387
982 1194 1.493995
3087 3270 2.024474
707 1188 2.578171
352 3316 3.882746
545 995 4.487382
3055 3316 0.67436
107 1194 2.475889
3065 2154 0.840483
2322 2645 3.925434
3048 3087 1.406812
3219 3236 2.123058
25 84 2.092537
2347 2902 2.111185
107 1387 3.194631
107 909 0.76632
2322 2636 1.623962
107 445 2.488115
1420 2154 1.50121
707 909 0.719736
107 1388 2.159259
2347 2769 2.748009
3219 2167 3.894407
1420 3476 4.805242
2304 2529 1.42985
3044 2167 4.530931
107 909 0.76632
107 675 1.601132
2498 2636 4.68729
352 3219 4.10678
545 1108 4.773581
