58 355 2.155165
433 1280 4.408268
2126 1400 1.607427
432 791 0.296192
1536 1689 0.465453
3287 3373 2.949939
3565 3581 1.870435
2126 1445 4.670907
2347 2884 0.665263
2382 2925 1.61575
3149 2940 0.001953
1070 1324 3.324303
3238 3441 4.866297
3149 3196 2.168019
3241 3402 3.416568
0 137 0.900544
1429 2210 3.193505
3312 3365 4.938069
991 1186 0.881732
2581 2806 3.213293
616 1348 1.338891
3087 3252 3.099085
1620 1710 3.677927
1884 1973 2.079211
3047 3290 4.752268
2315 2180 2.672852
3562 3877 4.170665
3162 2156 3.316348
2256 2854 4.343406
3107 3446 2.076332
815 957 2.045448
2698 2761 4.176302
2762 2854 0.212899
1821 3973 4.155891
2407 2429 2.12887
1821 3566 2.982877
1026 1043 1.894095
988 1379 0.057704
2401 2746 0.598541
3592 3797 0.823659
3080 3294 3.249605
2349 2187 2.490107
438 716 4.455667
407 1008 2.702777
3035 3058 0.634616
444 1322 2.190289
670 1083 3.43916
2762 2113 1.834864
808 1344 4.994601
2976 3310 4.304522
2194 3161 0.959778
9 85 3.5165
3133 3238 2.992448
3133 3312 3.679093
616 791 2.59724
1429 2210 3.193505
3562 3877 4.170665
957 1083 3.146297
3080 3441 3.957806
3241 3252 2.374464
2976 3441 1.919931
670 1280 3.547985
2976 3058 0.322071
3035 3441 1.61585
1008 1070 2.045273
3035 3441 1.61585
3310 3312 1.146319
815 1008 3.510581
1026 1070 3.039297
407 957 0.704249
3238 3290 4.732623
3047 3080 0.968925
2126 3310 1.9643
3162 2156 3.316348
3058 3312 3.613111
716 1026 4.370911
1429 2210 3.193505
2126 2194 4.564608
3087 3402 3.133512
2401 2806 2.119232
2315 2113 2.733332
3312 3365 4.938069
716 1026 4.370911
432 791 0.296192
444 1322 2.190289
791 1348 4.89737
3087 3294 1.54862
2976 3080 2.322262
3058 3365 0.216145
432 1083 2.398323
957 1070 0.699558
3133 3312 3.679093
791 957 0.156927
3058 3290 4.18755
2126 3047 2.07739
1620 1710 3.677927
432 1043 2.764463
2315 2349 3.970541
3592 3797 0.823659
438 1070 2.530996
2126 3312 3.254286
3162 2210 2.018843
670 1280 3.547985
1070 1324 3.324303
3241 3312 3.046848
1008 1043 0.693251
3149 3196 2.168019
3252 3365 4.224619
3087 3441 4.748426
2407 2429 2.12887
3238 3312 2.889783
2347 2762 4.518221
3133 3312 3.679093
0 58 4.899016
3058 3252 2.712048
988 1379 0.057704
2347 2884 0.665263
2698 2761 4.176302
616 957 0.659754
3080 3365 2.784914
3238 3441 4.866297
2976 3080 2.322262
3241 3365 0.583357
3241 3402 3.416568
3087 3133 2.035184
1008 1324 4.385702
2126 3294 1.256422
3047 3080 0.968925
3238 3252 4.597152
1536 1689 0.465453
3312 3365 4.938069
432 1083 2.398323
0 85 4.352096
616 957 0.659754
433 716 3.715868
3238 3365 1.661447
3294 3310 4.835144
3294 3310 4.835144
3252 3441 4.174702
1070 1324 3.324303
2976 3035 2.227692
2126 3310 1.9643
3087 3241 4.904059
2401 2806 2.119232
3312 3441 0.477526
2315 2806 2.765624
991 1186 0.881732
3087 3310 1.833977
2976 3087 3.567953
444 1322 2.190289
3238 3402 1.721849
2976 3047 1.294494
3238 3365 1.661447
2976 3080 2.322262
1710 1821 1.196395
3310 3441 2.679901
433 1083 1.619626
2382 2925 1.61575
3035 3365 3.035723
1884 1973 2.079211
433 1083 1.619626
2806 2113 2.42532
3162 2210 2.018843
1400 1445 3.74536
3058 3441 3.592101
1429 2210 3.193505
3238 3441 4.866297
791 1070 4.961559
1008 1070 2.045273
2126 3058 3.166572
2581 2854 0.19977
2976 3133 3.225758
3047 3312 0.155786
1884 1973 2.079211
2194 2156 0.615977
432 1324 0.17351
3310 3402 0.665747
3080 3241 3.524717
1008 1043 0.693251
3149 3196 2.168019
3107 2940 0.620101
3087 3365 0.264798
2762 2854 0.212899
3562 3797 1.196369
1429 1445 2.197034
3252 3312 2.120015
407 1070 2.320344
2256 2806 1.975508
2429 2187 4.043598
407 716 2.065649
2126 3294 1.256422
670 957 0.958611
957 1324 2.995798
3080 3441 3.957806
3035 3241 1.266047
3107 2940 0.620101
0 9 3.262104
3080 3294 3.249605
3149 3162 3.297092
432 1070 0.665717
3058 3241 0.244896
1821 3877 1.889068
791 957 0.156927
3047 3238 1.463446
433 815 0.822198
3294 3310 4.835144
670 1324 3.449062
1821 3581 2.020941
3107 3446 2.076332
2256 2347 0.627358
2976 3047 1.294494
3592 3797 0.823659
815 1070 4.632349
3238 3441 4.866297
616 1324 1.031548
3312 3365 4.938069
3058 3312 3.613111
1821 3797 3.219346
3310 3441 2.679901
3241 3441 3.211725
2976 3035 2.227692
1620 1710 3.677927
815 957 2.045448
3310 3441 2.679901
1429 2210 3.193505
3294 3310 4.835144
2401 2746 0.598541
670 1083 3.43916
1280 1324 0.5927
2126 1429 1.606056
1821 3566 2.982877
3365 3441 4.429925
2347 2762 4.518221
2976 3035 2.227692
616 791 2.59724
3058 3290 4.18755
2429 2187 4.043598
3310 3312 1.146319
616 1348 1.338891
1008 1070 2.045273
407 716 2.065649
3294 3441 1.007379
9 85 3.5165
3133 3312 3.679093
3058 3241 0.244896
2210 2156 3.960143
2976 3133 3.225758
3241 3252 2.374464
2976 3087 3.567953
716 1026 4.370911
3252 3290 2.245876
670 1070 3.328199
2126 1429 1.606056
1008 1043 0.693251
716 1324 0.0183
3080 3252 2.494771
3149 3162 3.297092
3058 3080 4.207125
3047 3312 0.155786
1429 2210 3.193505
432 1324 0.17351
3290 3441 2.294583
3241 3441 3.211725
2315 2180 2.672852
2126 3047 2.07739
3252 3402 3.675436
3290 3365 1.486308
1821 3797 3.219346
3133 3294 3.362052
1429 1445 2.197034
432 433 3.003035
1821 3797 3.219346
3294 3365 2.226608
1026 1083 1.456572
2126 3058 3.166572
3080 3310 2.416838
3162 2210 2.018843
808 1344 4.994601
3087 3402 3.133512
433 670 0.08003
432 1083 2.398323
3058 3252 2.712048
3290 3402 0.49188
2976 3252 4.792867
3087 3252 3.099085
2126 3310 1.9643
3080 3312 4.789986
2256 2347 0.627358
1821 3565 2.083536
2976 3241 1.089707
432 1043 2.764463
3035 3441 1.61585
3058 3241 0.244896
670 1008 4.20001
1689 1710 3.734505
3047 3312 0.155786
407 1070 2.320344
2698 2761 4.176302
432 1008 4.020004
3290 3310 1.632287
438 1070 2.530996
433 1008 2.64024
3238 3365 1.661447
3294 3441 1.007379
2315 2581 2.858342
815 1008 3.510581
407 1008 2.702777
3080 3441 3.957806
2194 3161 0.959778
2976 3238 1.089509
3080 3294 3.249605
2315 2806 2.765624
3058 3402 2.690378
1400 2194 2.522924
433 1008 2.64024
1043 1083 0.463864
1429 1445 2.197034
2315 2854 4.321525
2976 3290 0.29361
2976 3290 0.29361
3133 3252 3.000467
1008 1324 4.385702
3149 3196 2.168019
808 988 0.09162
3241 3294 2.698063
2126 1445 4.670907
2976 3402 1.285537
3310 3402 0.665747
616 957 0.659754
2976 3087 3.567953
3087 3402 3.133512
2762 2113 1.834864
988 1379 0.057704
3087 3312 4.771601
808 988 0.09162
2126 3310 1.9643
433 1070 1.567831
1043 1070 1.315072
3241 3290 4.735687
991 2180 2.419006
433 815 0.822198
2976 3294 4.711107
3562 3797 1.196369
1821 3797 3.219346
3058 3310 3.724259
3047 3241 4.418596
3058 3441 3.592101
2315 2113 2.733332
3035 3252 1.720651
433 791 4.980712
1710 1821 1.196395
670 1008 4.20001
3241 3365 0.583357
9 85 3.5165
616 791 2.59724
1884 1973 2.079211
407 1043 1.309646
2126 3312 3.254286
433 1280 4.408268
3058 3080 4.207125
3133 3310 3.521468
2347 2884 0.665263
2429 2187 4.043598
407 1070 2.320344
3312 3441 0.477526
2315 2854 4.321525
2256 2347 0.627358
3047 3238 1.463446
2315 2113 2.733332
616 1348 1.338891
433 1008 2.64024
2315 2180 2.672852
3087 3252 3.099085
1821 3973 4.155891
3133 3238 2.992448
433 670 0.08003
1689 1710 3.734505
2126 3035 0.795779
808 988 0.09162
3252 3441 4.174702
2976 3252 4.792867
433 1008 2.64024
2976 3087 3.567953
2126 3133 4.020328
3241 3310 4.220668
1620 1689 2.288639
2126 3035 0.795779
3238 3252 4.597152
3162 2940 2.593316
1070 1379 1.239623
2126 3058 3.166572
3058 3402 2.690378
438 1070 2.530996
3035 3252 1.720651
3241 3312 3.046848
2126 3441 2.121733
3035 3441 1.61585
3035 3241 1.266047
3087 3294 1.54862
3133 3312 3.679093
815 1070 4.632349
3238 3294 4.566811
791 1070 4.961559
3080 3294 3.249605
444 1322 2.190289
3080 3310 2.416838
3058 3310 3.724259
3047 3080 0.968925
3035 3252 1.720651
3294 3310 4.835144
3047 3133 4.31278
3238 3365 1.661447
1026 1083 1.456572
791 1070 4.961559
3080 3312 4.789986
616 1070 0.623649
670 1280 3.547985
3592 3973 1.02218
2976 3238 1.089509
3241 3310 4.220668
1026 1070 3.039297
1008 1043 0.693251
2429 2187 4.043598
3087 3441 4.748426
3080 3365 2.784914
3133 3312 3.679093
2581 2113 0.917346
3162 3446 1.711283
2382 2925 1.61575
1620 1710 3.677927
3133 3238 2.992448
2315 2349 3.970541
3238 3252 4.597152
3058 3290 4.18755
1821 3973 4.155891
3592 3877 1.094033
3080 3133 2.665597
2762 2806 4.178473
670 1070 3.328199
2126 2194 4.564608
716 1324 0.0183
2126 3047 2.07739
407 1070 2.320344
3058 3365 0.216145
3287 3373 2.949939
3565 3581 1.870435
2126 3133 4.020328
3252 3290 2.245876
3133 3312 3.679093
2126 1445 4.670907
3562 3797 1.196369
2581 2806 3.213293
3058 3290 4.18755
1043 1083 0.463864
3047 3252 0.589072
3087 3312 4.771601
3252 3290 2.245876
3592 3797 0.823659
3294 3365 2.226608
3080 3252 2.494771
2126 1429 1.606056
3087 3294 1.54862
433 957 4.109321
1821 3565 2.083536
438 1083 2.447251
3047 3290 4.752268
1536 1689 0.465453
3047 3241 4.418596
1710 1821 1.196395
3162 2156 3.316348
815 1043 3.98831
1070 1083 0.567022
407 957 0.704249
1026 1070 3.039297
444 1322 2.190289
3035 3294 3.612247
433 1070 1.567831
616 791 2.59724
815 957 2.045448
808 988 0.09162
3365 3441 4.429925
2126 1429 1.606056
2581 2854 0.19977
3562 3877 4.170665
3058 3365 0.216145
3087 3133 2.035184
2126 3058 3.166572
3087 3365 0.264798
2382 2925 1.61575
2315 2347 4.656927
716 1070 4.947111
3133 3441 3.215035
3080 3365 2.784914
0 9 3.262104
716 1070 4.947111
2194 3161 0.959778
2194 3161 0.959778
716 1324 0.0183
3080 3241 3.524717
3058 3133 3.397204
3080 3365 2.784914
3238 3310 3.370494
670 1008 4.20001
3087 3133 2.035184
433 1070 1.567831
1400 2194 2.522924
1620 1689 2.288639
432 670 2.92672
3087 3402 3.133512
3035 3241 1.266047
3080 3087 3.660806
2762 2854 0.212899
3080 3252 2.494771
3080 3441 3.957806
1070 1083 0.567022
988 1379 0.057704
2976 3310 4.304522
3133 3241 4.612011
0 58 4.899016
3294 3441 1.007379
3047 3241 4.418596
2194 2210 1.253527
3290 3402 0.49188
2976 3241 1.089707
2126 2194 4.564608
3238 3365 1.661447
3238 3294 4.566811
2976 3312 1.107647
2581 2113 0.917346
716 1083 2.706446
3047 3290 4.752268
2976 3365 2.34325
3287 3373 2.949939
3058 3441 3.592101
3133 3238 2.992448
3035 3238 0.288273
1070 1083 0.567022
1536 1689 0.465453
438 716 4.455667
3592 3877 1.094033
433 791 4.980712
0 85 4.352096
2256 2806 1.975508
1821 3973 4.155891
1026 1070 3.039297
1070 1083 0.567022
2976 3294 4.711107
2256 2854 4.343406
1008 1070 2.045273
3294 3310 4.835144
3562 3797 1.196369
3294 3441 1.007379
815 1008 3.510581
3162 2940 2.593316
616 1324 1.031548
2210 2156 3.960143
716 1043 3.199547
3058 3290 4.18755
0 137 0.900544
2256 2806 1.975508
58 355 2.155165
3565 3581 1.870435
1400 2194 2.522924
407 1070 2.320344
2854 2113 1.919497
9 85 3.5165
3058 3441 3.592101
2976 3294 4.711107
2194 2210 1.253527
2429 2187 4.043598
2581 2113 0.917346
1070 1083 0.567022
3149 3196 2.168019
2256 2854 4.343406
991 2180 2.419006
2347 2762 4.518221
716 1026 4.370911
2976 3290 0.29361
616 957 0.659754
3058 3441 3.592101
957 1070 0.699558
1070 1324 3.324303
2126 3133 4.020328
3252 3294 0.461325
1710 1821 1.196395
2315 2349 3.970541
3290 3402 0.49188
433 1280 4.408268
3161 3162 0.630653
2347 2762 4.518221
808 988 0.09162
3080 3238 1.521013
2194 2210 1.253527
2256 2347 0.627358
1821 3877 1.889068
3087 3294 1.54862
2762 2113 1.834864
2976 3047 1.294494
2194 2156 0.615977
957 1348 2.027683
2382 2925 1.61575
3562 3797 1.196369
2976 3058 0.322071
432 1070 0.665717
2407 2429 2.12887
791 1348 4.89737
1070 1379 1.239623
3241 3312 3.046848
3087 3290 2.908404
3592 3797 0.823659
3035 3252 1.720651
2347 2762 4.518221
438 1043 4.145628
3047 3058 0.141266
3252 3402 3.675436
3035 3365 3.035723
1821 3973 4.155891
3161 3162 0.630653
815 1070 4.632349
3047 3312 0.155786
1400 2194 2.522924
2126 3080 3.70328
3294 3365 2.226608
2976 3035 2.227692
3252 3310 1.455615
670 1070 3.328199
433 670 0.08003
3047 3058 0.141266
815 957 2.045448
3238 3312 2.889783
2581 2113 0.917346
3162 2940 2.593316
2976 3133 3.225758
3087 3294 1.54862
3080 3087 3.660806
3035 3241 1.266047
2256 2854 4.343406
3592 3973 1.02218
2194 2210 1.253527
2315 2854 4.321525
3162 2940 2.593316
616 1070 0.623649
2976 3312 1.107647
433 716 3.715868
432 1070 0.665717
2315 2113 2.733332
3080 3310 2.416838
2976 3238 1.089509
3107 3446 2.076332
2976 3035 2.227692
433 716 3.715868
1821 3877 1.889068
433 957 4.109321
433 1083 1.619626
2126 3294 1.256422
815 957 2.045448
3241 3402 3.416568
3035 3241 1.266047
433 1280 4.408268
3241 3252 2.374464
3241 3290 4.735687
1008 1280 1.393415
3047 3294 4.750409
957 1348 2.027683
3047 3080 0.968925
3087 3252 3.099085
438 1070 2.530996
432 1070 0.665717
3310 3402 0.665747
2256 2806 1.975508
3133 3441 3.215035
1008 1070 2.045273
2126 3252 2.2578
407 1043 1.309646
3310 3312 1.146319
2315 2806 2.765624
2976 3290 0.29361
3241 3310 4.220668
2256 2806 1.975508
438 1008 4.943415
1821 3562 0.634544
3310 3365 3.819922
1429 2210 3.193505
3058 3312 3.613111
3241 3290 4.735687
1821 3565 2.083536
407 438 1.831629
791 957 0.156927
2126 1400 1.607427
3252 3402 3.675436
2976 3290 0.29361
3241 3402 3.416568
1043 1070 1.315072
3047 3238 1.463446
1821 3592 1.034005
3365 3441 4.429925
2806 2854 2.871607
1400 1445 3.74536
3310 3365 3.819922
3087 3365 0.264798
2126 3441 2.121733
3252 3294 0.461325
815 1008 3.510581
3080 3133 2.665597
808 1344 4.994601
3035 3080 3.848764
3047 3241 4.418596
2256 2806 1.975508
2976 3365 2.34325
3241 3365 0.583357
791 1348 4.89737
3047 3310 2.474491
716 1324 0.0183
3241 3310 4.220668
433 815 0.822198
3047 3133 4.31278
2126 3310 1.9643
2126 3133 4.020328
2762 2806 4.178473
791 1348 4.89737
3149 3196 2.168019
3241 3365 0.583357
2581 2854 0.19977
407 716 2.065649
432 791 0.296192
2315 2854 4.321525
3035 3290 0.17187
3058 3365 0.216145
3087 3310 1.833977
3058 3310 3.724259
2126 3310 1.9643
2349 2187 2.490107
2976 3087 3.567953
815 1070 4.632349
3047 3238 1.463446
1070 1324 3.324303
2976 3238 1.089509
3087 3402 3.133512
3562 3877 4.170665
3241 3441 3.211725
1821 3973 4.155891
3161 3162 0.630653
433 670 0.08003
3080 3252 2.494771
407 957 0.704249
2762 2854 0.212899
3238 3294 4.566811
2256 2315 4.809355
438 1083 2.447251
2976 3402 1.285537
2976 3133 3.225758
2976 3252 4.792867
407 1026 3.061488
2976 3047 1.294494
988 1379 0.057704
1400 1429 3.709626
407 1008 2.702777
2976 3047 1.294494
988 1379 0.057704
58 355 2.155165
2256 2762 2.517165
2407 2429 2.12887
815 1008 3.510581
1400 1445 3.74536
3047 3312 0.155786
1620 1689 2.288639
3080 3238 1.521013
432 1070 0.665717
791 1348 4.89737
433 670 0.08003
433 1280 4.408268
3290 3441 2.294583
1280 1324 0.5927
2126 3441 2.121733
3035 3058 0.634616
