2263 2899 4.166604
361 381 1.730627
951 1453 2.446756
3585 3913 3.658148
3069 3116 3.724193
797 968 0.841382
3156 3304 1.902787
3809 3973 2.760767
3568 3687 0.601019
3280 3445 4.954496
107 643 4.305571
107 489 4.623634
1446 2210 1.130685
3084 3234 4.913065
3670 3707 3.599385
2673 2881 4.918835
635 1049 0.705091
2969 2983 0.922166
1442 1496 0.124072
434 1258 2.458014
2335 2236 0.41859
479 572 4.177449
844 1159 0.206845
2428 2469 2.942975
489 1109 2.293356
3041 3170 4.109998
1864 1879 0.569704
2244 2352 4.918816
3370 3456 2.587245
352 3174 4.094576
3165 3324 0.520157
351 2280 1.660018
3252 3420 0.267596
1534 1579 2.415119
3399 3420 2.514417
3200 3429 3.14036
3150 3305 0.415377
561 661 1.652469
999 1070 3.585889
665 1092 4.013817
1149 1237 2.003514
1569 1612 2.62095
2284 2443 1.342849
3595 3716 4.849585
758 1284 3.180275
391 1144 0.696748
1083 1220 0.947442
2126 2132 0.974477
3106 3213 2.682204
1839 1855 1.55431
433 863 4.366741
2964 3399 1.12511
351 2428 2.105726
1453 1496 3.862771
351 2236 0.145956
489 1083 2.933085
2964 3429 1.681296
1070 1237 0.619078
3150 3399 3.464405
3041 3234 0.025783
107 381 4.69319
433 1083 1.619626
107 1070 2.654635
3213 3370 3.507312
361 1144 3.249706
381 1092 4.028788
107 391 4.241915
3165 3234 0.837098
352 3305 3.73068
1442 1453 2.336714
2126 3234 1.450989
2964 3234 0.073117
3200 3399 2.13444
1442 1496 0.124072
3106 3252 2.38344
1109 1237 0.627679
479 1220 3.95409
2964 3456 4.105907
2284 2469 1.458643
3234 3445 1.898547
361 381 1.730627
107 434 0.332845
352 3156 1.430473
381 1159 0.663174
1083 1220 0.947442
1442 3170 4.966705
381 1159 0.663174
3165 3200 2.461233
1569 1612 2.62095
3200 3399 2.13444
3106 3324 4.075635
352 3304 4.188953
2126 3445 4.621012
1446 2210 1.130685
3252 3399 1.815237
489 758 1.451677
1149 1237 2.003514
1083 1109 4.777259
2210 1496 0.049998
489 999 1.702677
352 3420 4.938622
3234 3445 1.898547
361 381 1.730627
352 1446 4.480248
951 352 4.306531
3200 3429 3.14036
351 2881 4.832783
2964 3280 3.256203
434 844 0.4095
479 572 4.177449
3041 3456 2.251838
3399 3420 2.514417
361 381 1.730627
107 1070 2.654635
3213 3429 0.86316
3213 3429 0.86316
561 1083 3.65914
2126 3234 1.450989
3165 3399 3.458328
3595 3716 4.849585
352 3156 1.430473
758 1284 3.180275
107 758 1.730684
3234 3445 1.898547
2263 2899 4.166604
3252 3399 1.815237
1442 3280 4.408123
352 3106 0.894863
107 1149 1.145197
361 1144 3.249706
352 3305 3.73068
3041 3200 2.826093
758 1284 3.180275
361 665 2.395523
107 844 2.622117
489 758 1.451677
2964 3106 3.781578
3150 3305 0.415377
635 1237 3.84242
1220 1237 3.310143
352 3252 3.220815
381 844 2.325326
2964 3252 1.850649
3200 3280 2.111537
479 1284 4.029769
3106 3324 4.075635
1083 1149 4.986708
3234 3252 2.494282
107 1144 3.582644
863 1049 2.795832
361 381 1.730627
758 1284 3.180275
863 1049 2.795832
3585 3687 1.141354
3420 3445 0.616709
351 2881 4.832783
489 1049 0.622612
2126 3234 1.450989
107 434 0.332845
352 3399 0.723685
3429 3445 3.632733
1070 1220 1.296277
844 1092 3.151159
2126 3399 1.683153
2126 3106 0.288019
352 3200 3.163774
3150 3234 4.176729
352 3280 4.698261
3084 3445 4.068489
635 1220 3.547853
107 572 1.426993
107 1070 2.654635
3568 3585 2.227084
1453 1496 3.862771
433 479 1.751856
3399 3445 2.954988
2126 1446 3.930942
352 3456 4.261776
1070 1083 0.567022
351 2244 0.161914
489 999 1.702677
3213 3420 2.363273
479 1083 3.484028
3252 3305 0.377905
2126 3084 1.02504
572 1049 0.270229
758 999 1.251375
352 2132 1.616177
433 1070 1.567831
3234 3445 1.898547
489 1049 0.622612
107 1083 1.688172
434 1258 2.458014
2964 3234 0.073117
2126 3429 2.32622
3084 3445 4.068489
3399 3420 2.514417
352 3234 1.603401
107 665 1.157776
2126 3445 4.621012
3399 3429 0.269308
433 1149 2.523454
1446 2210 1.130685
107 999 3.336271
3670 3707 3.599385
352 2132 1.616177
3069 3116 3.724193
3156 3304 1.902787
351 2428 2.105726
107 1070 2.654635
1220 1284 0.446679
479 572 4.177449
352 3213 3.617882
3106 3165 3.459434
2210 1496 0.049998
3399 3429 0.269308
1049 1220 2.931549
107 391 4.241915
3041 3106 0.39091
1442 1446 2.354208
1569 1579 4.145487
1220 1284 0.446679
2964 3106 3.781578
758 999 1.251375
661 1149 2.428438
433 1070 1.567831
361 665 2.395523
1864 1879 0.569704
2964 3305 4.70647
635 1070 1.57977
2210 1496 0.049998
1446 1453 2.897828
352 3252 3.220815
2969 2983 0.922166
758 1284 3.180275
433 1070 1.567831
3568 3585 2.227084
3420 3429 1.246469
3213 3370 3.507312
3595 3716 4.849585
665 844 1.794274
3084 3213 2.73256
3568 3687 0.601019
107 433 2.981813
2428 2469 2.942975
844 1092 3.151159
352 3370 0.732409
2964 3252 1.850649
3106 3429 0.137656
844 1092 3.151159
2126 3234 1.450989
572 1049 0.270229
3429 3456 1.837461
661 999 1.832467
2126 3445 4.621012
665 844 1.794274
3150 3399 3.464405
2443 2469 0.051253
3041 3280 4.276247
3106 3456 3.018867
561 661 1.652469
352 3200 3.163774
3200 3305 0.729679
2964 3084 4.299185
3041 3106 0.39091
352 2210 2.779416
107 1109 4.561432
3687 3913 1.01612
3200 3305 0.729679
107 1092 0.594936
3370 3399 4.941242
3084 3429 1.945183
1839 1855 1.55431
479 1220 3.95409
2126 3234 1.450989
3234 3399 4.671687
3165 3280 3.941835
561 999 1.40774
3399 3445 2.954988
352 3234 1.603401
479 999 1.740283
352 3200 3.163774
3084 3252 0.063302
665 1092 4.013817
479 1220 3.95409
3213 3456 3.188547
107 863 4.4566
3429 3456 1.837461
665 844 1.794274
1083 1284 0.29988
3106 3370 1.189161
479 1149 2.899022
758 1049 3.633887
3305 3420 4.144746
107 1258 4.925242
2210 1496 0.049998
3200 3456 2.251402
3809 3973 2.760767
107 1092 0.594936
2126 3420 3.012035
1083 1284 0.29988
863 999 2.312482
3809 3973 2.760767
3165 3456 0.112321
3041 3234 0.025783
951 352 4.306531
3280 3445 4.954496
1070 1220 1.296277
1534 1579 2.415119
351 2673 1.640823
3370 3445 4.274565
434 844 0.4095
844 1159 0.206845
381 1159 0.663174
2335 2236 0.41859
107 1159 4.546799
2126 3165 2.349572
3041 1442 0.254947
381 1092 4.028788
3429 3456 1.837461
2126 1496 3.095527
2126 3305 1.370082
2126 3429 2.32622
352 3234 1.603401
1839 1855 1.55431
951 1453 2.446756
3213 3370 3.507312
107 968 3.727029
352 2210 2.779416
1237 1284 2.224367
3399 3420 2.514417
2126 2210 4.38985
3399 3445 2.954988
561 1083 3.65914
352 2210 2.779416
3370 3399 4.941242
3106 3200 3.316346
3106 3305 2.714664
3084 3234 4.913065
951 2126 1.936357
352 3420 4.938622
3165 3370 2.175057
844 1092 3.151159
3156 3304 1.902787
863 1109 4.398789
107 661 0.976119
1569 1612 2.62095
3234 3252 2.494282
3200 3305 0.729679
1070 1149 2.216623
3084 3429 1.945183
2443 2469 0.051253
1049 1284 2.58465
479 1284 4.029769
351 2263 4.846502
3165 3252 2.044763
2126 1446 3.930942
433 572 0.667575
3234 3370 1.023133
107 797 1.407605
433 1049 4.544628
361 381 1.730627
3041 3170 4.109998
352 1446 4.480248
3305 3445 0.950256
863 1149 0.414269
2126 3305 1.370082
433 1149 2.523454
1070 1284 4.514096
3106 3420 2.584473
3041 1442 0.254947
479 661 3.304444
2126 3084 1.02504
3234 3280 0.146542
572 863 3.779291
3568 3585 2.227084
2428 2443 3.048954
107 999 3.336271
3280 3445 4.954496
2964 3429 1.681296
2335 2236 0.41859
351 2899 2.373527
635 1049 0.705091
665 844 1.794274
3106 3234 0.615199
107 489 4.623634
351 2443 4.821952
3399 3420 2.514417
3200 3252 1.963485
1579 1612 1.249176
1839 1864 3.208518
489 1284 2.888547
3234 3420 3.420307
3429 3456 1.837461
352 2983 2.15105
3106 3213 2.682204
2964 3200 1.155848
433 1070 1.567831
489 572 3.982777
1049 1237 4.302458
2126 3399 1.683153
3106 3213 2.682204
3305 3429 0.245225
107 1092 0.594936
572 1284 3.877336
3116 3174 0.138583
3165 3200 2.461233
3165 3445 1.036515
3420 3429 1.246469
3150 3234 4.176729
3041 3456 2.251838
352 1453 3.187608
3106 3445 0.923952
3234 3370 1.023133
951 352 4.306531
352 3252 3.220815
3200 3429 3.14036
1579 1612 1.249176
1049 1149 4.97043
2126 3252 2.2578
863 1049 2.795832
3106 3234 0.615199
3200 3213 0.738605
999 1070 3.585889
3200 3252 1.963485
1446 2210 1.130685
352 2969 0.307685
3200 3305 0.729679
2964 3084 4.299185
2964 3280 3.256203
3165 3305 3.338182
758 1070 4.740511
635 1070 1.57977
3234 3370 1.023133
3252 3456 2.073341
1453 1496 3.862771
3234 3445 1.898547
3234 3456 3.919684
3234 3445 1.898547
489 661 4.358274
352 2969 0.307685
661 999 1.832467
635 1149 0.848493
489 661 4.358274
661 999 1.832467
3234 3399 4.671687
1149 1284 0.539343
433 863 4.366741
635 1149 0.848493
107 661 0.976119
352 3106 0.894863
352 3370 0.732409
2428 2469 2.942975
2673 2881 4.918835
107 661 0.976119
107 661 0.976119
352 2210 2.779416
1569 1579 4.145487
352 3370 0.732409
1070 1220 1.296277
572 635 3.518731
107 381 4.69319
489 561 1.268899
635 1049 0.705091
1083 1220 0.947442
3084 3106 4.105306
3252 3305 0.377905
352 1496 2.579431
2964 3165 4.995113
381 844 2.325326
434 1258 2.458014
107 1083 1.688172
3305 3456 1.230086
381 1092 4.028788
3084 3252 0.063302
107 1070 2.654635
3041 3234 0.025783
381 1092 4.028788
434 1258 2.458014
107 665 1.157776
661 863 0.924496
951 2126 1.936357
479 1284 4.029769
1442 1496 0.124072
107 968 3.727029
3165 3213 2.002663
3069 3116 3.724193
381 391 0.831622
758 1049 3.633887
3370 3399 4.941242
107 951 1.360092
351 2899 2.373527
3106 3305 2.714664
3106 3324 4.075635
433 1284 4.761711
3150 3399 3.464405
351 2352 2.437518
2126 1496 3.095527
352 1446 4.480248
3252 3429 4.576033
3165 3324 0.520157
758 1070 4.740511
433 863 4.366741
1049 1220 2.931549
863 999 2.312482
3234 3420 3.420307
863 1049 2.795832
352 3370 0.732409
107 433 2.981813
3106 3234 0.615199
635 1070 1.57977
107 1083 1.688172
758 1070 4.740511
2126 2210 4.38985
3150 3399 3.464405
1070 1144 3.203099
2210 1496 0.049998
352 1453 3.187608
3165 3429 3.09461
3370 3399 4.941242
107 1070 2.654635
352 3116 2.42869
758 1049 3.633887
844 1092 3.151159
352 3084 1.429269
3200 3234 0.269623
433 1220 1.683341
2964 3252 1.850649
381 844 2.325326
3585 3687 1.141354
2126 3420 3.012035
107 391 4.241915
1149 1237 2.003514
1083 1109 4.777259
2126 3252 2.2578
561 999 1.40774
1109 1237 0.627679
107 758 1.730684
361 1159 2.804496
479 661 3.304444
479 1149 2.899022
635 1049 0.705091
3106 3420 2.584473
3106 3252 2.38344
1049 1149 4.97043
3252 3305 0.377905
3165 3200 2.461233
489 1284 2.888547
661 758 3.086643
2126 3084 1.02504
3165 3429 3.09461
351 2236 0.145956
433 1149 2.523454
381 1092 4.028788
1569 1612 2.62095
3234 3252 2.494282
352 2210 2.779416
572 844 3.861638
3084 3200 3.36015
3200 3305 0.729679
107 433 2.981813
107 1284 3.886085
3084 3305 3.194845
352 1446 4.480248
561 999 1.40774
1049 1070 1.358947
3106 3252 2.38344
3252 3305 0.377905
3305 3456 1.230086
352 3069 1.564825
3084 3213 2.73256
107 1070 2.654635
3200 3399 2.13444
1864 1879 0.569704
3234 3456 3.919684
3041 3234 0.025783
352 1496 2.579431
3084 3213 2.73256
3150 3234 4.176729
479 1083 3.484028
561 1237 3.557134
361 844 0.725678
2964 3280 3.256203
352 3280 4.698261
3106 3399 2.871503
3234 3280 0.146542
352 2210 2.779416
107 1109 4.561432
352 2126 1.706118
479 572 4.177449
3429 3456 1.837461
1446 2210 1.130685
863 999 2.312482
479 999 1.740283
561 863 4.703467
661 758 3.086643
3150 3456 3.189124
3165 3429 3.09461
3084 3106 4.105306
2126 1496 3.095527
107 561 3.97402
2969 2983 0.922166
352 3165 3.870459
2428 2469 2.942975
661 758 3.086643
1083 1109 4.777259
107 1237 1.499078
107 643 4.305571
3213 3234 4.722444
635 863 0.13139
2210 1496 0.049998
3234 3429 0.097908
352 3174 4.094576
352 2126 1.706118
352 3156 1.430473
1839 1855 1.55431
572 635 3.518731
3041 3234 0.025783
951 1453 2.446756
3084 3399 3.297245
3106 3252 2.38344
3084 3200 3.36015
479 999 1.740283
381 844 2.325326
1442 3445 1.703953
3106 3324 4.075635
352 3174 4.094576
107 1109 4.561432
863 1049 2.795832
351 2352 2.437518
3165 3370 2.175057
352 3305 3.73068
352 3106 0.894863
3084 3370 0.354234
3150 3165 1.967811
107 572 1.426993
107 381 4.69319
107 433 2.981813
361 844 0.725678
352 3252 3.220815
3041 3170 4.109998
3370 3399 4.941242
2284 2469 1.458643
433 572 0.667575
1049 1149 4.97043
351 2280 1.660018
352 3370 0.732409
1453 1496 3.862771
3370 3429 4.330604
489 1284 2.888547
3305 3420 4.144746
2964 3429 1.681296
107 1083 1.688172
489 1237 1.20326
1070 1237 0.619078
3084 3252 0.063302
2126 1496 3.095527
2964 3305 4.70647
1070 1220 1.296277
352 1453 3.187608
2964 3420 4.047678
1083 1149 4.986708
2964 3200 1.155848
3041 3280 4.276247
635 1070 1.57977
3200 3399 2.13444
3165 3370 2.175057
3150 3445 4.361248
2284 2443 1.342849
1070 1220 1.296277
572 1284 3.877336
3280 3445 4.954496
2126 3445 4.621012
3305 3445 0.950256
3165 3324 0.520157
3234 3456 3.919684
381 844 2.325326
489 999 1.702677
3106 1442 3.612118
2126 3429 2.32622
1109 1237 0.627679
2964 3399 1.12511
635 1220 3.547853
3252 3445 2.598699
3106 3234 0.615199
107 951 1.360092
2964 3399 1.12511
572 863 3.779291
381 665 4.356443
3370 3456 2.587245
561 999 1.40774
107 572 1.426993
489 1083 2.933085
3568 3687 0.601019
351 2352 2.437518
107 433 2.981813
107 1070 2.654635
107 1258 4.925242
479 863 3.939498
2126 3445 4.621012
107 489 4.623634
107 1070 2.654635
3150 3234 4.176729
951 352 4.306531
3106 3213 2.682204
2126 3429 2.32622
3150 3445 4.361248
2284 2469 1.458643
1149 1237 2.003514
352 3280 4.698261
758 1220 1.774625
3252 3445 2.598699
3165 3370 2.175057
479 635 4.879554
2126 3429 2.32622
758 1049 3.633887
3234 3399 4.671687
3165 3280 3.941835
107 1070 2.654635
107 1092 0.594936
361 844 0.725678
107 797 1.407605
863 1284 4.378653
758 1284 3.180275
352 2983 2.15105
381 665 4.356443
351 2352 2.437518
3041 3200 2.826093
3234 3456 3.919684
1070 1144 3.203099
1070 1083 0.567022
3150 3399 3.464405
107 844 2.622117
107 1149 1.145197
2428 2469 2.942975
351 2899 2.373527
3165 3420 3.133575
863 1049 2.795832
3165 3305 3.338182
3106 3305 2.714664
561 863 4.703467
2210 1496 0.049998
107 572 1.426993
3585 3913 3.658148
635 1220 3.547853
3213 3445 1.858641
351 2899 2.373527
3165 3399 3.458328
3234 3280 0.146542
351 2280 1.660018
361 1144 3.249706
3234 3420 3.420307
3106 1442 3.612118
3150 3456 3.189124
107 797 1.407605
107 1109 4.561432
3420 3429 1.246469
352 2126 1.706118
3213 3370 3.507312
3084 3234 4.913065
3305 3429 0.245225
572 661 3.743812
2964 3252 1.850649
2126 3445 4.621012
361 1159 2.804496
951 1453 2.446756
352 3304 4.188953
107 968 3.727029
863 1109 4.398789
107 351 1.555546
3165 3445 1.036515
352 3170 0.408237
3213 3399 1.677084
352 3456 4.261776
2964 3399 1.12511
489 1109 2.293356
107 968 3.727029
951 2126 1.936357
3165 3429 3.09461
352 3156 1.430473
2126 3305 1.370082
351 2244 0.161914
3420 3445 0.616709
3213 3445 1.858641
3069 3116 3.724193
1442 3170 4.966705
3150 3234 4.176729
3213 3445 1.858641
3200 3234 0.269623
107 1070 2.654635
351 2280 1.660018
381 665 4.356443
107 489 4.623634
3041 3370 1.906446
107 351 1.555546
381 1159 0.663174
352 3213 3.617882
665 844 1.794274
3399 3420 2.514417
661 863 0.924496
635 863 0.13139
3041 3370 1.906446
3370 3399 4.941242
489 999 1.702677
3150 3305 0.415377
352 3200 3.163774
3041 3456 2.251838
2964 3445 4.399511
863 1070 2.485921
3213 3370 3.507312
3106 3456 3.018867
351 2280 1.660018
635 1049 0.705091
352 2969 0.307685
572 1049 0.270229
3106 3420 2.584473
361 665 2.395523
433 1284 4.761711
3156 3304 1.902787
107 968 3.727029
107 489 4.623634
107 561 3.97402
561 863 4.703467
1569 1579 4.145487
2126 3106 0.288019
352 3170 0.408237
107 661 0.976119
352 3399 0.723685
107 968 3.727029
352 3280 4.698261
3252 3305 0.377905
3200 3445 2.459529
758 999 1.251375
3106 3234 0.615199
3595 3716 4.849585
758 999 1.251375
1049 1070 1.358947
107 1159 4.546799
1070 1220 1.296277
2428 2469 2.942975
863 999 2.312482
3399 3420 2.514417
352 2126 1.706118
951 2132 2.741253
3116 3174 0.138583
3252 3456 2.073341
3213 3420 2.363273
3084 3234 4.913065
351 2263 4.846502
107 479 0.721718
