2362 2762 3.505562
2434 2813 1.857784
351 2751 0.551446
3340 3353 4.421411
2800 2922 1.046177
2346 2539 0.083992
367 1644 3.114058
2149 1488 4.806785
419 1356 0.389066
716 1033 1.908925
3365 3376 3.921178
615 1082 1.104488
1686 1706 4.434559
3120 3175 2.930926
2952 3006 4.312828
2463 2646 3.845092
3030 3142 0.078334
3084 3157 3.007467
107 604 0.712512
785 1022 4.006796
685 1324 2.495134
1010 1215 4.666546
1426 2154 4.897916
2041 3553 4.119151
3256 3391 1.061619
2269 2606 1.386618
1563 1600 1.358176
2254 2860 2.145682
1107 1219 1.519648
3498 3588 2.3937
968 1116 2.448198
3054 3142 4.036451
815 953 4.306066
592 734 1.592929
1457 1496 1.871705
572 1220 1.827909
107 1108 3.821298
9 295 0.193711
0 214 1.90578
552 945 0.39043
815 1125 3.768184
1774 1777 1.232782
305 312 3.80934
1950 1982 1.510864
545 729 3.348586
1556 1632 4.521257
592 1210 3.373809
953 1099 4.708885
569 816 0.383401
2183 2852 0.454072
3042 2133 1.941866
3006 1409 2.21392
366 1279 2.555482
2434 2813 1.857784
1457 1496 1.871705
569 1324 4.959396
2183 2860 1.584038
953 1215 3.622338
1099 1219 0.327372
2434 2813 1.857784
685 953 2.025068
3365 3376 3.921178
1632 366 4.435415
569 572 2.836972
3054 3256 1.645733
2149 1488 4.806785
685 816 1.339456
3084 3175 1.752748
3157 3353 3.954842
351 2269 1.672394
2041 3553 4.119151
572 1220 1.827909
685 716 2.961353
3175 3353 1.58354
1107 1215 0.257424
716 1033 1.908925
351 2346 1.302758
3157 3353 3.954842
2362 2852 1.295829
1632 366 4.435415
2133 1488 1.731984
107 945 4.543005
107 572 1.426993
107 1108 3.821298
716 1108 1.632877
351 2463 4.232745
2269 2346 2.999659
3157 3340 4.24499
815 1125 3.768184
3142 3376 2.423524
0 305 3.455689
107 1033 2.045649
1125 1215 4.900429
545 1220 4.604621
572 1108 2.283528
816 1215 3.380193
3157 3365 0.802833
3142 3175 4.754017
3030 2154 1.175418
351 2860 4.24358
366 1706 2.972549
3042 2133 1.941866
351 2183 0.074961
3054 3084 2.783862
3376 3391 2.33784
1426 1488 4.685849
1215 1324 4.566565
1107 1220 0.719012
351 2254 1.034253
351 2183 0.074961
685 1324 2.495134
685 815 0.290435
1107 1219 1.519648
3054 3256 1.645733
107 1279 4.076252
685 1033 2.861945
953 1219 0.638962
716 729 0.519722
107 1356 4.450436
1033 1324 2.142079
685 1220 3.970668
545 572 1.656204
953 1324 3.900533
3120 3157 1.215311
351 2762 2.780136
953 1107 3.211805
3084 3353 3.905632
0 312 3.53147
3376 3391 2.33784
572 685 4.530411
1033 1215 3.90109
815 1125 3.768184
3030 2154 1.175418
2254 2860 2.145682
3042 1426 2.187991
685 1108 4.959562
572 1220 1.827909
815 1220 0.165966
3157 3376 1.816475
2646 2813 2.027516
3175 3353 1.58354
572 1033 2.724535
2154 3353 2.455048
1220 1324 0.153131
545 685 4.30239
3006 1409 2.21392
685 1033 2.861945
1108 1215 0.175107
107 785 1.378505
3054 3256 1.645733
1632 367 1.021078
1457 1488 1.513761
3054 3256 1.645733
2362 2852 1.295829
545 729 3.348586
351 2860 4.24358
3157 3376 1.816475
3084 3142 2.432564
815 1125 3.768184
366 1356 4.166159
107 815 1.593581
572 1108 2.283528
351 2269 1.672394
3120 2154 4.827975
3054 3175 3.767889
1033 1324 2.142079
366 1644 2.29471
729 1220 3.423754
729 1099 0.748667
1632 367 1.021078
685 1108 4.959562
545 685 4.30239
0 214 1.90578
351 2463 4.232745
107 716 3.50382
3054 3256 1.645733
1220 1324 0.153131
107 815 1.593581
3175 2154 4.666805
1426 1488 4.685849
592 1210 3.373809
3120 3175 2.930926
953 1107 3.211805
2149 2154 1.959806
3054 3084 2.783862
545 1220 4.604621
351 2269 1.672394
3256 3340 3.884081
2254 2860 2.145682
2646 2813 2.027516
1426 1496 2.963687
1279 1356 0.638048
0 9 3.262104
545 1215 4.560576
366 1356 4.166159
0 107 2.082658
0 9 3.262104
3256 3391 1.061619
716 1108 1.632877
953 1219 0.638962
351 2463 4.232745
2183 2860 1.584038
569 1107 2.72463
1426 1457 0.627952
1563 1600 1.358176
107 816 3.319485
2133 1496 0.446906
3340 3376 2.35262
1022 1116 2.56559
107 1107 2.72082
3054 3365 3.610238
815 1215 1.543863
592 734 1.592929
729 816 0.093223
572 953 2.556234
3157 3353 3.954842
3142 3365 0.752467
2346 2539 0.083992
2813 2852 1.214066
1107 1108 3.918497
716 1033 1.908925
3120 3175 2.930926
3157 3175 0.218534
1563 1600 1.358176
107 1125 3.463367
1563 1600 1.358176
0 214 1.90578
1108 1125 2.247179
107 1219 2.095434
545 572 1.656204
3376 3391 2.33784
1107 1108 3.918497
1563 1600 1.358176
968 1116 2.448198
107 734 2.265741
3142 3391 4.149164
107 685 3.724667
2149 2154 1.959806
2154 3340 2.595632
351 2606 3.314121
716 729 0.519722
729 1107 4.418019
729 815 4.71917
1033 1324 2.142079
3498 3588 2.3937
815 1125 3.768184
1010 1099 3.678155
2183 2852 0.454072
3157 3175 0.218534
3084 3157 3.007467
3084 3376 3.617082
3157 3365 0.802833
366 1279 2.555482
592 1210 3.373809
351 2269 1.672394
3157 3175 0.218534
0 9 3.262104
685 1220 3.970668
3030 3175 0.763312
1022 1116 2.56559
3142 3175 4.754017
2133 1488 1.731984
815 953 4.306066
3142 3365 0.752467
3142 3175 4.754017
3030 3175 0.763312
3120 3365 1.649878
1125 1324 3.008044
107 1022 2.778864
0 214 1.90578
1457 1488 1.513761
9 295 0.193711
716 1324 0.0183
2269 2346 2.999659
3365 3391 2.561012
3084 3142 2.432564
3084 3353 3.905632
0 305 3.455689
729 1107 4.418019
3120 3365 1.649878
2154 3365 0.188585
1099 1108 1.341303
3054 3376 0.684184
545 1220 4.604621
1686 1706 4.434559
3256 3376 2.476035
3376 3391 2.33784
3175 3365 1.130357
685 815 0.290435
953 1219 0.638962
968 1116 2.448198
545 685 4.30239
1022 1116 2.56559
1107 1324 4.458781
3120 3365 1.649878
569 1125 2.858139
107 351 1.555546
3030 3175 0.763312
816 1099 1.764479
815 1099 0.370455
2269 2346 2.999659
2183 2852 0.454072
3030 3142 0.078334
351 2922 1.758667
107 604 0.712512
3054 3391 0.916449
545 1324 4.423275
2183 2860 1.584038
107 1279 4.076252
569 1125 2.858139
1033 1324 2.142079
716 1033 1.908925
729 1215 2.567586
107 419 3.442025
3142 2154 1.670857
545 1107 4.243754
815 1220 0.165966
572 953 2.556234
1774 1777 1.232782
107 1022 2.778864
351 2860 4.24358
366 1644 2.29471
3175 3365 1.130357
1632 366 4.435415
1774 1777 1.232782
685 1220 3.970668
1220 1324 0.153131
351 2362 2.813228
351 2434 0.643547
107 1107 2.72082
1099 1125 4.969427
3157 3353 3.954842
419 1356 0.389066
107 572 1.426993
685 1108 4.959562
1457 1488 1.513761
351 2751 0.551446
569 1033 2.360294
351 2269 1.672394
351 2183 0.074961
3142 3353 4.646237
107 592 3.565484
1099 1108 1.341303
366 1644 2.29471
1099 1219 0.327372
1099 1220 2.139118
785 968 1.752984
3157 3256 3.037989
107 685 3.724667
107 734 2.265741
3157 3365 0.802833
1107 1108 3.918497
351 2762 2.780136
351 2346 1.302758
107 785 1.378505
1099 1219 0.327372
1099 1107 0.31126
3120 3353 1.629764
1563 1600 1.358176
2133 1457 0.912537
3084 3365 2.210779
107 1219 2.095434
1600 366 2.932906
1644 1686 1.210569
2183 2860 1.584038
545 1215 4.560576
107 1033 2.045649
3054 3391 0.916449
351 2646 1.559654
2041 3553 4.119151
1107 1220 0.719012
3256 3353 1.918113
3340 3353 4.421411
2269 2606 1.386618
729 815 4.71917
107 716 3.50382
572 1107 3.172326
592 734 1.592929
1426 2149 4.253264
3030 3142 0.078334
351 2269 1.672394
1210 1279 2.504481
107 569 3.582064
3030 3120 2.845111
1033 1215 3.90109
0 305 3.455689
572 729 2.642822
1426 2154 4.897916
729 1215 2.567586
1099 1107 0.31126
815 1215 1.543863
351 2762 2.780136
572 685 4.530411
716 1033 1.908925
2149 1488 4.806785
569 572 2.836972
366 552 3.724773
1099 1220 2.139118
1426 1457 0.627952
3054 3084 2.783862
3006 1409 2.21392
107 1220 2.958703
685 953 2.025068
1022 1210 0.443558
0 295 2.875226
367 1644 3.114058
351 2646 1.559654
3054 3365 3.610238
3157 2154 0.524194
3157 3365 0.802833
107 351 1.555546
3084 3365 2.210779
9 295 0.193711
1099 1125 4.969427
2154 1488 3.52675
3175 2154 4.666805
3142 3353 4.646237
351 2362 2.813228
351 2539 1.16489
1457 1496 1.871705
1099 1108 1.341303
815 1215 1.543863
3030 3340 3.718013
815 1099 0.370455
2154 1488 3.52675
107 1033 2.045649
3175 3256 3.906556
3340 3353 4.421411
815 1107 4.722765
572 685 4.530411
816 1108 0.640104
3365 3376 3.921178
615 1082 1.104488
2646 2813 2.027516
685 1215 2.972807
3120 3157 1.215311
3006 1409 2.21392
2346 2539 0.083992
107 734 2.265741
545 1010 0.33822
685 1108 4.959562
3084 3365 2.210779
572 815 1.546827
729 1215 2.567586
572 953 2.556234
1108 1324 1.474694
1457 1488 1.513761
3175 2154 4.666805
107 729 0.368207
545 1010 0.33822
2362 2852 1.295829
0 107 2.082658
815 1125 3.768184
351 2922 1.758667
366 367 3.068405
2254 2183 3.336486
968 1022 4.0855
3175 3256 3.906556
569 1125 2.858139
1108 1324 1.474694
572 729 2.642822
107 604 0.712512
351 2646 1.559654
816 1108 0.640104
2154 3365 0.188585
107 945 4.543005
3157 3376 1.816475
815 1215 1.543863
1563 1600 1.358176
3256 3353 1.918113
716 1324 0.0183
685 1099 3.065665
3157 3391 0.723366
1426 1496 2.963687
729 1107 4.418019
107 1210 0.875831
785 968 1.752984
592 734 1.592929
2463 2646 3.845092
685 1108 4.959562
1426 1457 0.627952
3142 3340 1.666376
3256 3391 1.061619
3157 3353 3.954842
685 1215 2.972807
3120 3353 1.629764
3175 3256 3.906556
572 816 2.52822
107 1215 1.801787
351 2346 1.302758
2813 2852 1.214066
2254 2183 3.336486
816 1108 0.640104
572 815 1.546827
545 1010 0.33822
3084 3142 2.432564
545 572 1.656204
3256 3376 2.476035
545 1107 4.243754
569 685 1.33862
107 552 2.903903
3256 3365 4.742835
2362 2762 3.505562
815 1219 2.6971
615 945 4.28452
545 1033 3.457393
2362 2852 1.295829
569 685 1.33862
572 953 2.556234
3054 3142 4.036451
0 214 1.90578
1686 1706 4.434559
107 1279 4.076252
545 1220 4.604621
2362 2762 3.505562
3120 3376 4.390654
0 295 2.875226
107 1215 1.801787
3084 3256 3.528352
3120 3376 4.390654
815 1215 1.543863
107 968 3.727029
545 1107 4.243754
1033 1324 2.142079
953 1125 1.914915
1563 1600 1.358176
366 1279 2.555482
1022 1210 0.443558
2133 1496 0.446906
2149 2154 1.959806
2154 3391 4.079447
107 785 1.378505
815 953 4.306066
3054 3376 0.684184
569 1125 2.858139
3142 3376 2.423524
107 1033 2.045649
1210 1279 2.504481
2183 2860 1.584038
1099 1125 4.969427
716 1215 4.889128
107 716 3.50382
3030 2154 1.175418
1215 1324 4.566565
815 1220 0.165966
716 1324 0.0183
107 1279 4.076252
2133 1426 2.028668
816 1215 3.380193
545 1099 1.716458
1457 1496 1.871705
366 419 1.035729
545 1324 4.423275
3175 3391 4.663165
107 1099 1.705555
569 1107 2.72463
1099 1219 0.327372
716 1033 1.908925
366 1644 2.29471
1125 1324 3.008044
569 685 1.33862
1022 1210 0.443558
2952 3006 4.312828
1099 1219 0.327372
0 312 3.53147
3142 3365 0.752467
3498 3588 2.3937
1108 1215 0.175107
816 1099 1.764479
572 816 2.52822
1644 1706 0.134775
572 1033 2.724535
3157 3256 3.037989
569 1125 2.858139
1022 1210 0.443558
