3096 3457 3.38832
1445 2151 4.557255
755 1253 0.105531
808 1121 0.643165
1411 1501 0.730932
994 1379 0.852561
107 927 2.701422
2946 3481 1.338781
3002 3281 2.162792
3198 3381 4.104359
2285 2860 0.279106
2959 3464 4.625081
3175 3241 4.78454
2200 1503 3.147565
3247 3429 3.241917
1435 2208 4.235279
359 416 4.36514
2583 2870 0.610458
673 1101 0.887619
3703 3735 2.203033
1398 2196 4.021455
1453 1467 1.347411
21 142 1.202902
618 1257 4.081373
3169 2224 4.232308
720 929 1.007136
3084 3169 4.810005
2197 2200 0.137208
522 965 3.347414
533 1253 3.118362
2962 3239 4.167799
2243 2592 2.536122
1457 2169 1.072855
2405 2733 1.324581
721 759 2.394787
804 1180 2.556253
1422 1488 0.240616
3226 3387 2.450741
3260 3270 2.260402
3404 3440 1.400775
2949 3259 1.713782
3234 3449 3.875864
0 34 1.363252
3713 2088 1.046491
866 906 2.672522
1890 1939 1.420183
1467 1486 2.460738
2572 2613 2.16695
3268 3382 0.894745
645 852 0.146286
2973 1489 0.399771
991 2185 2.543358
3239 3260 4.768171
3169 3457 4.327994
2200 1501 4.563167
2959 1489 3.387686
107 852 2.583647
2962 3429 4.691883
2208 1453 3.105119
533 906 2.11191
3084 3270 1.72652
2224 1488 2.212413
673 1101 0.887619
3175 3457 4.574215
3096 3260 4.533746
2959 2973 0.588466
618 755 3.031973
1467 1503 4.676592
2962 3270 0.957038
107 755 3.711392
3169 3382 3.281757
2197 2151 1.677659
2169 1501 2.77276
2962 3241 3.197507
2243 2592 2.536122
2243 2285 1.593746
1422 1445 1.418725
3234 3247 2.98149
3175 3429 1.764839
3096 3449 4.837978
3002 2224 2.899789
3239 3260 4.768171
3096 3239 2.712349
3084 3382 2.293614
1422 2169 1.42892
3096 3260 4.533746
2196 2169 3.485977
1411 1467 2.695848
1486 2169 4.818154
1411 1488 4.597017
1411 2151 3.832367
2224 3449 2.807114
1467 2169 1.652975
1422 1503 4.34705
2224 1486 3.61121
2962 3096 3.456559
3084 2224 1.656541
2197 2151 1.677659
1411 3382 0.990932
107 1180 3.363448
3002 3239 1.647518
3247 2224 3.123783
2196 1411 1.946991
1453 1489 1.658552
3464 3481 2.203059
107 755 3.711392
3175 2224 1.4442
2962 3429 4.691883
2962 3241 3.197507
1411 2169 3.62392
0 21 3.802976
3239 3241 1.27567
3002 3457 1.095514
1398 1501 1.97395
3084 3247 2.498817
3239 3382 1.83643
3226 3387 2.450741
107 721 0.728064
3226 3387 2.450741
3096 3457 3.38832
1411 1422 0.542952
416 804 4.844236
1422 1445 1.418725
1411 1435 4.716388
3169 3175 1.998113
107 721 0.728064
1398 1501 1.97395
3002 3096 2.737085
1411 1453 0.190855
1411 1503 0.972927
808 1121 0.643165
2962 3239 4.167799
3169 2169 3.593529
1445 2169 4.27597
3175 3457 4.574215
1445 1486 4.807643
1422 1453 2.706433
3268 3457 1.64831
1411 3175 3.55209
3169 3241 2.051443
2592 2860 2.444322
3002 3239 1.647518
0 142 4.121723
3002 3281 2.162792
1445 2169 4.27597
1467 2169 1.652975
1435 2151 0.630261
107 1257 0.991547
808 1121 0.643165
3002 3449 1.908192
2224 3457 1.202618
2243 2860 4.736584
3241 3281 0.48143
1422 1445 1.418725
107 1257 0.991547
2197 2151 1.677659
1453 1503 0.134387
1398 1445 2.459684
3175 3449 2.022458
2973 1489 0.399771
755 906 0.317146
0 107 2.082658
3239 3457 0.743967
3239 3449 4.01955
107 673 0.8292
3234 3457 3.121855
2243 2860 4.736584
3270 2224 0.165012
3464 3481 2.203059
1486 2169 4.818154
3241 3429 0.720848
3241 2224 1.98459
1411 1488 4.597017
2197 1486 1.415846
1398 1467 1.849832
3234 3268 1.355803
107 852 2.583647
3234 3268 1.355803
1435 2224 3.203071
3404 3440 1.400775
2962 3268 4.698992
2208 1445 3.978262
1398 1445 2.459684
2196 2169 3.485977
3234 3247 2.98149
2200 1457 1.415475
533 1253 3.118362
2962 3241 3.197507
1398 2151 1.046648
3226 3387 2.450741
522 965 3.347414
3084 3268 1.328418
3381 3404 1.190625
3096 3260 4.533746
1445 2169 4.27597
3175 3449 2.022458
3175 3260 2.48504
1457 1503 1.125159
2962 3260 3.918738
107 645 1.80956
3404 3440 1.400775
1457 1503 1.125159
3084 2224 1.656541
2224 3429 4.046578
1253 1257 0.615401
720 929 1.007136
3239 3241 1.27567
1411 1467 2.695848
3084 3234 4.913065
107 965 0.153463
107 1379 4.444352
2200 2151 4.430558
1398 1457 0.880307
673 1101 0.887619
2243 2285 1.593746
1422 1435 2.991761
3175 3449 2.022458
1488 2169 1.553359
755 906 0.317146
2200 1422 4.465867
416 1180 2.247704
3241 3382 4.711599
107 808 4.719854
2197 2151 1.677659
1398 2151 1.046648
107 416 0.259111
2583 2870 0.610458
3247 3449 3.59607
991 2185 2.543358
3169 3241 2.051443
3234 3281 2.930622
2243 2860 4.736584
3268 3382 0.894745
3002 3429 0.43035
2962 3002 1.574751
107 965 0.153463
1422 2169 1.42892
2243 2860 4.736584
3175 3429 1.764839
1467 1486 2.460738
618 1257 4.081373
721 759 2.394787
3175 3382 4.941135
3234 3281 2.930622
107 359 4.007038
1435 1445 2.337808
3175 3241 4.78454
2949 3440 1.806032
2949 3259 1.713782
3239 3268 2.157284
522 721 4.700385
0 142 4.121723
1445 1486 4.807643
1445 2151 4.557255
107 618 2.920865
3096 3382 4.654069
21 142 1.202902
3198 3381 4.104359
1435 1457 1.36259
3096 3268 0.570611
2962 2224 0.341687
107 965 0.153463
3239 3457 0.743967
2962 3002 1.574751
3084 3457 3.191815
3260 3268 3.840499
1411 3175 3.55209
2962 3084 0.543034
3268 2224 0.395286
3084 3449 4.100254
107 721 0.728064
3234 3241 3.543497
2208 1453 3.105119
2169 1501 2.77276
3175 3281 4.370692
2962 3169 2.418663
2949 3404 2.07547
3268 3270 0.554647
1411 1445 3.589935
2151 1486 3.063863
2962 3096 3.456559
1422 1486 3.429254
1398 2200 2.185735
3239 3382 1.83643
3198 3259 4.999696
2208 2169 3.58839
1411 1445 3.589935
3239 3270 2.475225
2285 2860 0.279106
3169 3239 3.893143
3381 3404 1.190625
3169 3449 4.490607
3096 3247 0.60652
3239 2224 2.451435
107 522 0.111169
3281 3382 3.846353
618 755 3.031973
1435 1488 3.193867
1411 1422 0.542952
2962 3457 3.304417
1411 2224 3.649143
0 21 3.802976
3084 3234 4.913065
3713 2088 1.046491
3268 2224 0.395286
2196 1435 4.378355
3429 3449 0.338707
3084 3096 2.815237
3002 3175 2.139417
3198 1457 2.854184
1422 1503 4.34705
3270 3281 3.479289
808 1121 0.643165
1398 1467 1.849832
107 721 0.728064
1445 1501 3.178482
1445 1453 3.232456
2949 3440 1.806032
3270 3429 4.19915
618 755 3.031973
3096 3270 0.256132
3169 3241 2.051443
1411 2169 3.62392
1435 2169 4.982828
3241 3449 3.326305
3175 3281 4.370692
1467 1503 4.676592
107 1121 1.583517
3234 3268 1.355803
3175 3457 4.574215
3241 3270 4.812758
1398 1486 1.243018
107 720 1.616037
2949 3404 2.07547
2197 2151 1.677659
2949 3440 1.806032
1435 1453 1.980936
3096 3449 4.837978
618 866 0.220252
3239 3429 2.227445
2973 1489 0.399771
3382 3457 1.865251
3169 3239 3.893143
522 808 1.061561
2962 3270 0.957038
3382 3449 0.720935
107 1101 2.326402
2200 1503 3.147565
2572 2613 2.16695
3234 3449 3.875864
1486 3440 4.100379
3268 3429 0.416798
2949 3259 1.713782
3464 3481 2.203059
866 906 2.672522
533 906 2.11191
3096 3241 1.446141
2959 3464 4.625081
1453 1489 1.658552
0 142 4.121723
1435 1445 2.337808
808 965 3.088302
3270 3382 1.532908
1422 1445 1.418725
2224 3449 2.807114
3247 3457 0.663265
107 522 0.111169
2962 3270 0.957038
804 1180 2.556253
3381 3404 1.190625
1435 1457 1.36259
3084 3096 2.815237
1411 1488 4.597017
2962 3260 3.918738
1489 3481 2.411407
3084 3175 1.752748
3241 3268 3.046339
3247 3270 4.904142
107 759 2.606824
3198 3259 4.999696
1488 1501 3.283317
3281 2224 0.283097
3239 3260 4.768171
107 416 0.259111
1457 1501 4.206648
3234 3247 2.98149
3084 3247 2.498817
3084 3234 4.913065
2197 2169 1.148889
3429 3457 2.198774
1411 2169 3.62392
3002 2224 2.899789
2224 3429 4.046578
721 759 2.394787
3084 3429 1.945183
3084 3382 2.293614
1486 3440 4.100379
3175 3270 2.683387
3096 3382 4.654069
1398 2200 2.185735
1457 1488 1.513761
1398 1445 2.459684
2224 1486 3.61121
3270 3281 3.479289
1435 1457 1.36259
1467 2169 1.652975
1398 1503 1.178315
1435 1453 1.980936
3175 3429 1.764839
3449 3457 3.30472
3234 3241 3.543497
3084 3169 4.810005
3096 3260 4.533746
2197 1486 1.415846
3270 3429 4.19915
3169 3429 3.570321
3198 1457 2.854184
1467 1503 4.676592
2962 3449 3.957195
3404 3440 1.400775
755 906 0.317146
3002 3382 3.873259
3268 2224 0.395286
3260 3429 0.207121
1488 2169 1.553359
107 759 2.606824
1445 2151 4.557255
2962 3449 3.957195
3226 3270 4.959929
3169 3247 0.716925
3226 3387 2.450741
1457 3381 2.638277
416 1180 2.247704
1422 1435 2.991761
1467 1488 3.565146
3270 3382 1.532908
3096 3268 0.570611
107 416 0.259111
1411 1486 3.080913
359 416 4.36514
2959 3464 4.625081
2208 1445 3.978262
3239 3457 0.743967
107 1257 0.991547
2962 3247 1.135831
1435 1488 3.193867
1398 1501 1.97395
808 965 3.088302
1453 1486 1.810805
3096 3268 0.570611
416 804 4.844236
1411 1453 0.190855
3239 3247 3.119605
1422 2151 1.41902
1445 1467 2.187349
3175 3247 4.987477
2224 1488 2.212413
2197 1411 4.180754
3241 3449 3.326305
3198 3381 4.104359
107 965 0.153463
721 1121 0.092093
2243 2285 1.593746
618 1257 4.081373
721 1121 0.092093
0 107 2.082658
3260 3457 4.227788
3169 3175 1.998113
2405 2733 1.324581
107 522 0.111169
1435 1501 0.952428
1445 1453 3.232456
3241 3449 3.326305
2224 1486 3.61121
2949 3198 1.478546
3084 3260 1.019414
2949 3381 3.727439
3169 3449 4.490607
2946 2959 3.166904
1435 1445 2.337808
3169 3382 3.281757
2962 3270 0.957038
107 1101 2.326402
522 721 4.700385
2962 3382 0.789272
3382 3457 1.865251
3169 3268 4.706
808 965 3.088302
107 1121 1.583517
3429 3457 2.198774
1411 2169 3.62392
3713 2088 1.046491
3226 3387 2.450741
1435 2224 3.203071
1435 2151 0.630261
107 852 2.583647
2949 3404 2.07547
3247 3457 0.663265
1411 2151 3.832367
3175 3239 4.211923
1453 1488 2.772158
3096 3175 2.724258
3175 2224 1.4442
3268 2224 0.395286
2197 1411 4.180754
2196 2169 3.485977
2196 1422 3.641056
107 759 2.606824
2200 1503 3.147565
2962 3260 3.918738
673 1101 0.887619
3268 3449 4.774029
3169 3457 4.327994
2962 3260 3.918738
1411 2169 3.62392
2197 1435 3.315982
3169 3175 1.998113
1445 1457 2.986766
1457 1503 1.125159
2949 3440 1.806032
2959 2973 0.588466
2946 3464 0.655595
3002 3429 0.43035
1457 3440 4.468455
906 1257 4.556143
3260 3449 4.361545
1453 2169 2.673802
3234 3268 1.355803
3268 3270 0.554647
3002 3169 3.572688
3096 3382 4.654069
3234 3260 2.310419
2949 3404 2.07547
3002 3260 4.960613
1457 1486 2.161964
1398 1411 3.710161
1467 1486 2.460738
2196 1411 1.946991
1435 1501 0.952428
3281 3382 3.846353
1398 1488 4.457617
2224 3449 2.807114
107 965 0.153463
3241 2224 1.98459
2224 3457 1.202618
416 1180 2.247704
1453 1503 0.134387
1489 3464 2.306465
2196 1488 3.140353
359 416 4.36514
866 906 2.672522
1398 1422 2.062699
1435 1457 1.36259
1411 1488 4.597017
808 965 3.088302
1457 3259 1.658643
1453 1489 1.658552
2962 3239 4.167799
3084 3429 1.945183
1411 2169 3.62392
721 1121 0.092093
107 994 4.32424
107 1180 3.363448
1890 1939 1.420183
3096 3247 0.60652
1398 2169 2.722774
1398 1503 1.178315
3175 3268 0.005515
3175 3457 4.574215
1398 1411 3.710161
3002 3457 1.095514
2962 3084 0.543034
808 965 3.088302
1411 1488 4.597017
3169 3260 4.589528
3169 2169 3.593529
1453 2169 2.673802
1486 3440 4.100379
3169 3268 4.706
3096 3382 4.654069
2224 3449 2.807114
3268 3382 0.894745
3096 3382 4.654069
107 1253 3.421834
2243 2860 4.736584
1411 1453 0.190855
1445 1457 2.986766
2962 3429 4.691883
2196 2169 3.485977
3239 3241 1.27567
2200 2151 4.430558
3096 3234 1.073277
3084 3175 1.752748
3268 3281 3.033596
107 1257 0.991547
1457 3440 4.468455
3241 3449 3.326305
3234 3247 2.98149
1457 1501 4.206648
2224 1486 3.61121
107 994 4.32424
1435 2169 4.982828
2208 1445 3.978262
3096 3382 4.654069
721 1121 0.092093
3270 3457 4.787519
3226 3387 2.450741
1445 1503 0.748052
3002 3268 2.050693
1457 3404 3.410845
2962 3281 1.15587
906 1253 4.919947
3241 3270 4.812758
3002 3084 2.591427
3096 3175 2.724258
3268 3449 4.774029
1435 1453 1.980936
755 1253 0.105531
107 906 2.748238
1457 3259 1.658643
3713 2088 1.046491
3270 3281 3.479289
3175 3247 4.987477
3239 3429 2.227445
1435 2169 4.982828
2962 3281 1.15587
1453 1489 1.658552
2243 2285 1.593746
3259 3381 2.399268
3096 3382 4.654069
3096 3234 1.073277
1422 1453 2.706433
3096 3169 4.400913
2200 3440 2.677815
3241 3429 0.720848
3084 3169 4.810005
1411 1467 2.695848
1435 1467 2.90233
1398 1488 4.457617
3084 3247 2.498817
107 927 2.701422
3002 3234 1.797681
1435 2151 0.630261
1457 3440 4.468455
107 673 0.8292
2224 3429 4.046578
2946 2959 3.166904
1435 1488 3.193867
755 906 0.317146
2197 1435 3.315982
3175 3260 2.48504
1486 3440 4.100379
3096 3169 4.400913
2196 1411 1.946991
416 804 4.844236
3002 3175 2.139417
3382 3429 0.809608
1486 1503 3.596028
107 965 0.153463
2946 2973 2.006938
3096 3239 2.712349
2949 3259 1.713782
3096 3260 4.533746
3239 2224 2.451435
2949 3198 1.478546
21 142 1.202902
3449 3457 3.30472
2962 3234 2.831823
2959 3481 3.152821
2243 2592 2.536122
755 1253 0.105531
3260 3281 4.93326
3449 3457 3.30472
2962 3281 1.15587
3260 3429 0.207121
1435 1453 1.980936
1457 3259 1.658643
3234 3268 1.355803
1398 2200 2.185735
808 1121 0.643165
1411 1486 3.080913
3239 3247 3.119605
3260 3429 0.207121
3247 3449 3.59607
3175 2224 1.4442
21 142 1.202902
2196 2169 3.485977
1457 1503 1.125159
2151 1486 3.063863
3234 3449 3.875864
1435 3169 1.406266
3241 3260 3.840607
2224 1488 2.212413
1890 1939 1.420183
3175 3268 0.005515
2224 1488 2.212413
3234 3260 2.310419
3281 3382 3.846353
1411 2151 3.832367
1445 1457 2.986766
3268 3429 0.416798
1422 1501 4.864006
1453 1467 1.347411
1467 2224 1.641668
2224 1488 2.212413
2949 3440 1.806032
1457 3381 2.638277
3169 3175 1.998113
2224 3449 2.807114
3084 3382 2.293614
2949 3259 1.713782
804 1180 2.556253
3084 3457 3.191815
2151 1488 1.403719
2200 1486 3.797393
107 359 4.007038
1422 1488 0.240616
2208 1445 3.978262
3239 3449 4.01955
3169 3234 3.436294
1435 2151 0.630261
3084 3457 3.191815
2224 3382 4.417636
3084 3260 1.019414
2949 1486 0.605148
2959 3481 3.152821
3175 3247 4.987477
3268 2224 0.395286
1453 1489 1.658552
3002 3169 3.572688
3234 3457 3.121855
1501 1503 1.486772
3175 3247 4.987477
720 929 1.007136
533 1253 3.118362
2224 1486 3.61121
1445 1467 2.187349
1457 1501 4.206648
2962 3260 3.918738
3169 2224 4.232308
3241 3281 0.48143
1453 1488 2.772158
107 1379 4.444352
1398 2200 2.185735
3175 3239 4.211923
2959 3481 3.152821
1411 1457 3.153517
1453 1488 2.772158
3169 3449 4.490607
1435 1445 2.337808
3239 3382 1.83643
3002 3175 2.139417
3226 3270 4.959929
906 1257 4.556143
107 759 2.606824
1467 2169 1.652975
2962 3084 0.543034
3281 2224 0.283097
2946 3481 1.338781
3169 3457 4.327994
1435 2224 3.203071
1411 1422 0.542952
2243 2285 1.593746
3239 3457 0.743967
3247 3270 4.904142
3096 3457 3.38832
1422 1503 4.34705
755 1253 0.105531
906 1257 4.556143
1422 1467 4.043954
3084 3382 2.293614
3260 3268 3.840499
3175 3281 4.370692
3239 3270 2.475225
3234 3429 0.097908
2946 1489 4.963786
3234 3449 3.875864
3234 3429 0.097908
1411 2224 3.649143
3381 3440 0.835688
3382 3457 1.865251
1398 2151 1.046648
107 852 2.583647
3002 3241 4.835588
2962 3084 0.543034
2959 3464 4.625081
1411 3382 0.990932
3096 3429 1.793642
2224 3457 1.202618
3175 3270 2.683387
416 1180 2.247704
3002 3234 1.797681
2197 2151 1.677659
1411 1467 2.695848
3169 3270 3.734582
3464 3481 2.203059
2973 1489 0.399771
3002 3429 0.43035
0 142 4.121723
3241 3247 2.53297
3175 3260 2.48504
1467 2169 1.652975
1411 2169 3.62392
107 673 0.8292
3226 3270 4.959929
720 929 1.007136
2243 2860 4.736584
1411 3382 0.990932
1488 1501 3.283317
1398 1503 1.178315
3002 3268 2.050693
1486 3440 4.100379
2962 2224 0.341687
3268 3457 1.64831
2243 2285 1.593746
1453 2169 2.673802
2946 3481 1.338781
3239 3270 2.475225
1457 2169 1.072855
107 720 1.616037
3241 3270 4.812758
2962 3234 2.831823
3175 2224 1.4442
1486 1503 3.596028
3239 3270 2.475225
991 2185 2.543358
2285 2860 0.279106
3169 2224 4.232308
3175 3241 4.78454
1435 2224 3.203071
3096 3247 0.60652
1411 1435 4.716388
1457 2169 1.072855
21 142 1.202902
1489 3481 2.411407
2196 1488 3.140353
991 2185 2.543358
1411 2169 3.62392
1422 2151 1.41902
522 965 3.347414
2197 2151 1.677659
3241 3270 4.812758
1398 1445 2.459684
3002 3449 1.908192
3270 3281 3.479289
2946 1489 4.963786
3175 3241 4.78454
3002 3268 2.050693
107 965 0.153463
2583 2870 0.610458
3226 3270 4.959929
1398 1486 1.243018
1398 2169 2.722774
3234 3247 2.98149
1467 1503 4.676592
1435 1488 3.193867
3084 3241 1.479984
3234 3260 2.310419
2962 3175 1.74747
0 142 4.121723
1489 3481 2.411407
3096 3234 1.073277
107 533 4.555016
3241 3449 3.326305
994 1379 0.852561
1467 2169 1.652975
1453 1489 1.658552
2962 3096 3.456559
2946 1489 4.963786
3404 3440 1.400775
3084 3260 1.019414
3084 3096 2.815237
3239 3429 2.227445
2208 2169 3.58839
3239 3270 2.475225
2949 1457 1.30512
2962 3260 3.918738
1453 1488 2.772158
1422 1503 4.34705
906 1253 4.919947
3002 3239 1.647518
3429 3449 0.338707
3198 3381 4.104359
2169 1501 2.77276
2949 3381 3.727439
3241 2224 1.98459
2962 3382 0.789272
1435 1467 2.90233
2962 3270 0.957038
107 1121 1.583517
1422 1453 2.706433
2224 3449 2.807114
3270 3281 3.479289
3464 3481 2.203059
2196 1435 4.378355
3703 3735 2.203033
107 533 4.555016
3198 3381 4.104359
1398 2200 2.185735
3096 3270 0.256132
3084 2224 1.656541
3002 3260 4.960613
2208 2169 3.58839
2962 3429 4.691883
1398 1422 2.062699
3234 3247 2.98149
2949 3381 3.727439
1398 2196 4.021455
3096 3239 2.712349
2200 1486 3.797393
1398 2196 4.021455
2196 2169 3.485977
2962 3260 3.918738
2949 3381 3.727439
721 808 0.278219
3002 3084 2.591427
1398 2196 4.021455
1422 1467 4.043954
2197 2169 1.148889
3713 2088 1.046491
1422 1435 2.991761
107 804 3.371917
3096 3449 4.837978
1398 1486 1.243018
3169 3234 3.436294
755 1253 0.105531
2583 2870 0.610458
107 866 2.302183
1411 2200 2.66846
3268 3270 0.554647
3096 3382 4.654069
3084 3096 2.815237
416 1180 2.247704
416 1180 2.247704
3084 3268 1.328418
2962 3239 4.167799
3169 3457 4.327994
3429 3449 0.338707
359 416 4.36514
3002 3268 2.050693
2151 1501 4.229009
3281 3382 3.846353
721 808 0.278219
3084 3429 1.945183
1422 1503 4.34705
721 808 0.278219
1411 1467 2.695848
2197 1435 3.315982
3002 2224 2.899789
3241 3281 0.48143
