3136 3424 1.450797
742 966 4.727035
3063 3431 0.474566
3235 3400 1.015385
3264 3455 4.591775
3792 3971 3.33974
3175 3265 4.078063
2556 2622 2.299608
2984 3276 3.927433
2285 2180 0.204256
2527 2684 1.654928
2680 2781 1.171512
3849 3926 0.72598
2193 1429 3.473381
3165 3294 3.037789
107 661 0.976119
3067 3285 0.742459
2200 1479 2.961691
2980 3370 1.33244
3141 3220 0.185742
2502 2738 4.870086
3088 3396 0.381868
2797 2857 2.690351
1056 1076 2.047305
545 877 0.848734
2198 1455 1.928197
1469 1503 0.120611
2201 3300 4.302044
590 1344 1.455475
3101 3173 4.960277
1577 1675 0.767253
696 1228 1.759199
352 1449 1.424695
1651 1716 2.650316
3053 3377 1.654467
1440 1469 3.678802
3023 3330 4.733134
1020 1152 0.85893
765 965 3.815172
352 3047 2.588062
721 1141 3.819491
2417 2811 4.783888
2220 1503 1.437492
2478 2560 1.979028
3169 3432 2.03579
3032 3197 1.584402
107 1277 2.00228
2129 1439 2.866547
3073 3087 4.642969
3169 3433 0.515027
561 1312 0.651265
3018 3406 1.01272
3247 3276 1.231316
1429 1503 1.159819
3136 3169 1.816335
3197 3406 3.176909
3265 3433 4.523748
2984 3169 4.756743
3053 3400 4.947282
3220 3294 3.261902
3063 3197 0.155451
3431 3455 1.03175
2984 3087 2.256834
2502 2738 4.870086
2980 3165 3.266312
3406 3424 0.737118
3235 3247 4.192439
2980 3169 1.910276
352 3175 1.708282
3247 3455 0.853926
3173 3406 3.234387
3169 3432 2.03579
3370 3424 2.394498
2198 1455 1.928197
877 1056 1.651443
2417 2857 4.754744
352 3032 3.003825
3053 3433 0.46949
877 1312 1.656398
1479 1503 4.658644
3047 3141 0.313555
3136 3406 1.503956
3018 3220 1.682121
545 877 0.848734
352 3073 4.081052
352 3053 3.079796
3264 3377 0.540668
1577 1675 0.767253
3220 3370 4.321872
3235 3432 4.691854
561 1312 0.651265
3087 3247 4.403212
3073 3169 0.668654
3247 3424 4.330234
3173 3377 0.499476
2417 2857 4.754744
3264 3276 4.788301
3276 3400 4.772562
2129 1479 0.507385
545 877 0.848734
352 3285 3.787108
3136 3377 2.963718
2980 3073 0.462491
3087 3265 2.875082
590 721 0.194062
352 2129 4.102346
3849 3926 0.72598
3276 3406 4.172417
3141 3247 4.986326
352 3047 2.588062
3018 3087 4.322541
2560 2684 1.381896
3018 3087 4.322541
107 1228 1.861583
3136 3173 2.14528
3264 3433 0.029586
352 3101 4.8583
352 3141 2.326702
561 661 1.652469
2980 3032 0.563069
3101 3173 4.960277
2193 3169 2.700076
3424 3431 1.940393
3141 3370 1.214394
2198 2129 4.726193
3087 3377 2.303181
3018 3424 0.381634
3235 3455 0.060029
3047 3165 0.795989
2984 3087 2.256834
3173 3406 3.234387
545 661 1.328224
352 3220 2.65078
3377 3455 3.871918
3175 3197 3.477731
3377 3431 2.339312
1577 1675 0.767253
352 2193 3.148492
3165 3220 2.326475
107 877 3.355063
877 1312 1.656398
3264 3400 1.19384
3053 3276 4.63526
3294 3433 0.307754
2980 3431 1.915731
3136 3235 4.137985
3087 3197 1.385628
3101 3377 3.992205
1449 1503 3.553407
1141 1344 2.086878
3073 3235 3.878321
590 765 1.702161
2129 1503 3.552852
3018 3063 3.356514
352 1449 1.424695
2980 3063 4.006846
2984 3431 3.520335
3018 3053 0.804748
3169 3294 1.813094
352 3063 0.079724
3101 3377 3.992205
3220 3370 4.321872
3276 3406 4.172417
3264 3455 4.591775
2984 3101 3.616371
3053 3141 3.555804
3406 3455 3.739627
3165 3235 4.102244
3141 3406 4.168873
3047 3455 4.626723
352 3424 0.626315
3141 3247 4.986326
3073 3432 2.986011
107 1056 2.895961
590 1141 0.716515
3294 3433 0.307754
3032 3047 2.247338
3047 3175 4.028531
3073 3235 3.878321
3220 3406 3.463623
2193 1469 0.19693
3136 3406 1.503956
3294 3377 1.21968
352 3300 1.148825
3197 3235 3.723628
352 1449 1.424695
2980 3400 4.889111
3101 3235 2.741022
3175 3294 3.7213
1440 2220 2.764402
3294 3400 4.210003
3018 3247 2.150662
3175 3424 2.154862
3173 3294 2.896529
352 3377 0.833093
3073 3197 2.994296
3032 3165 3.299713
3136 3455 0.554109
3073 3235 3.878321
545 561 1.966547
877 1056 1.651443
3018 3175 2.723267
3294 3370 0.410021
352 3424 0.626315
3087 3406 4.938863
561 661 1.652469
2980 2984 0.017046
2417 2680 0.878861
2984 3264 1.070928
107 1277 2.00228
3018 3455 0.51537
3032 3406 2.480555
2781 2797 2.917753
1020 1152 0.85893
2622 2680 0.840323
3101 3220 1.639652
3063 3247 1.99727
1429 1440 4.36879
352 3431 0.69258
352 3101 4.8583
3406 3455 3.739627
590 965 2.372427
966 1152 2.721625
3047 3169 3.193183
2220 1503 1.437492
3169 3432 2.03579
3047 3141 0.313555
3101 3173 4.960277
3220 3431 0.090612
3141 3370 1.214394
3047 3173 2.827038
2193 1439 2.765613
3220 3247 1.524751
352 1429 0.149048
2984 3087 2.256834
3087 3377 2.303181
2980 3197 1.690376
2984 3165 1.053118
3032 3455 0.838967
2198 1449 1.333927
3053 3377 1.654467
2200 1503 3.147565
3165 3455 3.086518
3087 3406 4.938863
2984 3053 4.127082
352 3400 2.978075
3169 3377 2.570553
3047 3197 0.148044
107 765 3.988011
3047 3220 1.528004
1429 1469 2.439176
3197 3406 3.176909
3165 3175 3.658019
3175 3235 2.579227
3165 3406 4.271687
3276 3400 4.772562
2622 2680 0.840323
661 1056 2.801624
352 2220 2.954019
3169 3175 1.998113
2198 1455 1.928197
3247 3424 4.330234
3073 3169 0.668654
3063 3235 0.357967
3197 3370 2.634164
352 3101 4.8583
3247 3276 1.231316
3047 3370 2.349214
3018 3169 1.11171
3265 3294 1.965535
3235 3294 0.40119
3032 3047 2.247338
3276 3431 2.282762
3053 3406 1.421421
3101 3220 1.639652
2201 1455 2.429817
3173 3264 2.612543
3141 3220 0.185742
1577 1651 2.637033
966 1152 2.721625
3175 3235 2.579227
2984 3169 4.756743
2980 3433 2.696634
2984 3432 1.266671
3265 3276 2.433448
352 1479 3.174367
2980 3175 1.014396
3073 3173 3.063939
107 1312 2.96203
3197 3431 0.673466
545 1056 1.568014
2417 2811 4.783888
3220 3247 1.524751
1469 1503 0.120611
3165 3197 3.147347
3276 3433 1.375182
107 661 0.976119
2797 2811 0.64651
2984 3175 2.609493
107 721 0.728064
3087 3406 4.938863
1469 1503 0.120611
1479 1503 4.658644
2622 2857 3.304881
352 3264 0.634313
107 1277 2.00228
3169 3406 2.489672
3032 3424 2.670817
3101 3377 3.992205
3047 3220 1.528004
3018 3053 0.804748
3053 3377 1.654467
2556 2622 2.299608
3235 3424 3.842887
3235 3406 0.325155
352 2980 2.324917
3018 3264 0.463185
3018 3165 0.979717
3370 3432 1.864012
3169 3455 3.947302
3197 3247 2.866271
352 3073 4.081052
3264 3276 4.788301
3264 3424 3.770848
3047 3455 4.626723
3053 3400 4.947282
2193 1429 3.473381
2980 3053 0.933161
107 765 3.988011
3073 3370 0.402489
3165 3265 3.875379
352 3032 3.003825
3136 3455 0.554109
3136 3433 2.170635
3165 3370 2.175057
3247 3431 1.898452
3063 3087 4.020607
3247 3276 1.231316
2984 3136 4.668041
3136 3455 0.554109
3169 3247 0.716925
3141 3406 4.168873
3053 3406 1.421421
3101 3247 4.115715
3264 3370 0.308812
3101 3455 1.117534
3175 3220 0.536577
3276 3377 2.282497
2680 2797 1.260771
2193 1429 3.473381
3264 3406 0.088838
3032 3265 0.690337
966 1152 2.721625
3053 3294 0.915197
2129 1455 4.249681
966 1076 0.813832
3264 3377 0.540668
3141 3431 4.379902
3032 3265 0.690337
1152 1277 1.661649
3175 3235 2.579227
3101 3455 1.117534
3197 3433 3.940896
3175 3265 4.078063
3169 3247 0.716925
3018 3101 2.547053
1439 1440 3.281452
3169 3175 1.998113
1056 1076 2.047305
2980 3424 2.747749
3032 3165 3.299713
3047 3169 3.193183
3087 3101 4.654049
3169 3433 0.515027
3264 3455 4.591775
3087 3370 1.903434
3047 3455 4.626723
2201 2220 1.715555
3032 3136 0.194768
3141 3247 4.986326
3141 3235 3.184037
2984 3377 1.80135
3220 3264 4.367622
352 3330 1.684353
2193 2129 4.886738
545 1312 3.163581
3141 3220 0.185742
3197 3406 3.176909
2417 2622 0.847268
3849 3926 0.72598
3073 3265 4.994305
2193 1449 3.592221
3063 3101 1.282733
2622 2857 3.304881
3165 3276 2.99363
352 3063 0.079724
3047 3175 4.028531
2198 1449 1.333927
352 3265 0.902155
2198 1449 1.333927
