2717 2793 3.399896
642 1274 3.456728
2312 2539 0.537073
596 1043 0.287915
618 995 3.638153
2544 2577 0.061529
3184 3293 0.979608
845 1215 4.585697
1291 1393 1.970442
2463 2652 4.463543
3641 3949 1.646826
968 1116 2.448198
1405 1410 2.153813
2833 2861 2.29481
107 999 3.336271
352 3365 0.937567
1747 1794 4.064685
3002 3408 0.338934
2214 2940 0.664308
3290 3315 3.84225
3645 3813 0.842539
610 845 3.094724
3213 3424 1.761817
3510 3837 4.473076
2526 2188 0.19983
3165 3250 2.853711
2214 2165 3.694473
2429 2477 1.749554
1438 1484 3.002962
2222 3375 0.123071
1942 1954 3.566296
1452 1455 1.102391
716 1353 0.981669
555 1385 0.416389
3079 3340 2.513802
1951 1995 4.812413
533 1206 4.612713
3018 3438 2.43764
3130 3178 1.696148
2150 2156 2.730756
2138 2163 1.292972
3302 3360 0.418873
2045 3983 2.777002
3554 3964 2.241107
1821 2052 0.595635
3683 3899 1.13284
671 1098 4.337459
3204 3279 2.170325
2133 1495 4.149636
2126 3169 4.254511
3265 3268 2.771546
3268 3360 3.596293
3178 3315 4.512857
3002 3268 2.050693
3375 1495 2.148499
1438 2222 2.366682
610 642 0.443561
642 1043 3.372734
1452 1455 1.102391
3079 3184 3.441935
1821 3899 0.679216
352 3002 2.848311
1043 1215 1.696523
3178 3438 1.768947
3165 3438 2.395873
352 1410 1.419737
3079 3293 2.599759
3268 3340 1.284607
2045 3983 2.777002
610 995 0.126076
3250 3265 4.993024
352 3279 1.600506
3169 2165 2.214839
2150 2222 4.54762
3554 3964 2.241107
533 1206 4.612713
3204 3375 2.25792
3204 1495 4.608305
845 995 3.90934
3290 3302 2.752631
3018 3250 1.181241
107 1098 1.507807
3178 3438 1.768947
2163 1495 3.304453
618 1098 2.576207
2150 2165 2.560538
107 1274 2.697756
1438 1455 2.182023
3290 3360 1.272058
3079 3169 1.052259
352 3302 2.574428
352 2222 3.418437
3002 3365 2.615563
3645 3813 0.842539
2126 3360 3.055325
352 3302 2.574428
3165 3290 1.183914
352 3315 4.45165
1438 1495 2.388075
2138 2940 4.478736
1291 1393 1.970442
3204 1455 1.676813
3169 3315 4.758694
3184 3268 2.215667
3178 3360 4.27667
3204 3375 2.25792
3079 3268 2.521846
3268 3360 3.596293
3002 3290 1.651828
3130 3290 1.460431
2222 2165 0.379016
3165 3365 4.244736
642 1098 4.304227
3268 3340 1.284607
3002 3315 2.087173
3184 3340 2.048524
1455 2156 1.06527
3645 3813 0.842539
2833 2861 2.29481
671 1215 2.621919
3165 3408 2.071488
1821 2045 1.077088
3424 3438 3.687117
352 1438 3.882164
3018 3408 0.646813
1043 1274 2.626225
3018 3438 2.43764
3184 3365 0.753619
3268 3438 0.17052
3213 3302 1.802154
352 3302 2.574428
671 1353 1.051993
3268 3424 1.67998
596 1043 0.287915
3213 3340 3.138149
3268 3315 4.901519
3184 3268 2.215667
1043 1215 1.696523
3178 3315 4.512857
3265 3340 0.481522
2045 3983 2.777002
3002 3169 3.572688
3169 3290 2.47596
618 1206 3.124877
1405 1410 2.153813
3079 3293 2.599759
2138 2222 0.660706
1942 1954 3.566296
1821 3683 2.280796
3169 3213 1.685646
352 3165 3.870459
3340 3438 3.723345
1821 2052 0.595635
3178 3424 1.948698
2126 1495 4.732948
642 1215 1.983469
3079 3184 3.441935
1455 1484 3.243826
3268 3290 3.130964
107 1353 3.413628
1438 2163 0.778636
3184 3340 2.048524
3165 3184 2.5039
2126 3408 0.104514
618 995 3.638153
3178 3438 1.768947
3268 3290 3.130964
3169 3408 3.103119
3130 3250 2.743012
3002 3250 4.421381
533 1043 1.017792
3178 3293 2.989632
3290 3424 4.86845
352 2126 1.706118
352 1484 4.589842
3165 3268 3.503122
3079 3130 1.17255
1206 1215 1.187445
1438 2163 0.778636
1455 1484 3.243826
352 3178 2.071459
533 995 2.566607
3002 3018 3.662709
716 1043 3.199547
3268 3408 1.313104
2126 2163 4.809808
352 3360 3.181002
352 3438 2.448022
107 1215 1.801787
2133 2165 2.635976
3213 3365 0.842066
352 3424 0.626315
3018 3184 4.354027
3079 3365 1.455478
3178 3438 1.768947
3178 3438 1.768947
1438 2156 0.385136
2126 3204 2.333299
3213 3265 2.645534
3250 3365 2.349476
1438 1455 2.182023
3213 3365 0.842066
716 1098 3.074206
3290 3302 2.752631
3018 3424 0.381634
352 3290 2.319302
3079 3169 1.052259
642 716 4.412016
2126 2133 3.399645
2214 2940 0.664308
3204 3279 2.170325
1455 2156 1.06527
3250 3438 4.526501
716 1215 4.889128
3290 3438 1.650336
107 1274 2.697756
2126 3169 4.254511
107 1215 1.801787
352 3438 2.448022
3002 3165 3.48269
107 618 2.920865
3018 3340 3.773182
3169 3315 4.758694
2126 3178 2.748818
1455 2165 3.827687
3165 3265 3.875379
2429 2477 1.749554
352 1495 1.579348
2126 3375 4.536986
995 1215 1.142551
3079 3315 1.276259
3079 3268 2.521846
2463 2833 1.716965
352 2165 1.26295
3290 3302 2.752631
2717 2793 3.399896
3184 3360 2.158967
352 1495 1.579348
3018 3184 4.354027
2133 2165 2.635976
107 642 0.197198
1405 1410 2.153813
352 3002 2.848311
2940 2150 0.894359
3018 3360 0.125723
3002 3250 4.421381
2126 3265 4.043367
3315 3360 1.03139
2165 1495 0.509153
2163 3375 1.056085
1821 2045 1.077088
3169 3408 3.103119
3213 3340 3.138149
352 2214 4.334421
2833 2861 2.29481
2940 2163 3.568573
3079 3365 1.455478
1405 1410 2.153813
3178 3424 1.948698
3268 3290 3.130964
107 555 4.550747
1455 1495 0.257777
3683 3899 1.13284
352 1410 1.419737
3250 3265 4.993024
3178 3268 4.815374
3250 3315 4.628826
1821 3964 1.716781
3018 3408 0.646813
3165 3213 2.002663
352 2126 1.706118
3213 3360 4.359155
3169 3293 3.452241
1455 2163 3.988914
3018 3365 4.605489
995 999 4.000979
845 1215 4.585697
2940 2163 3.568573
596 1043 0.287915
1821 3645 4.178687
3204 2150 1.842935
1821 3645 4.178687
2126 3079 4.790486
2940 2222 1.117432
3079 3438 0.086097
3018 3424 0.381634
671 1206 1.172287
2126 1455 0.115756
3302 3360 0.418873
2138 2165 3.546267
3002 3424 1.589542
596 1206 3.217517
555 1353 2.366598
1405 1410 2.153813
3265 3293 2.245312
3178 3265 0.627704
3213 3424 1.761817
2138 2163 1.292972
995 999 4.000979
2138 2165 3.546267
3002 3293 2.27208
3268 3365 3.223714
1098 1215 1.035037
3213 3268 3.4898
352 3018 3.574281
3130 3165 0.858404
3268 3365 3.223714
2188 2861 3.080357
3002 3290 1.651828
3178 3315 4.512857
352 3018 3.574281
3302 3438 1.979374
3290 3302 2.752631
3184 3360 2.158967
3079 3293 2.599759
3213 3340 3.138149
352 2150 2.155639
2222 2163 0.489659
3169 3184 3.828922
2126 3184 1.029128
3165 3213 2.002663
352 3002 2.848311
1452 1455 1.102391
596 1206 3.217517
2150 3279 0.544874
1291 1393 1.970442
3178 3340 3.821102
3002 3340 0.520194
3265 3293 2.245312
1821 3837 1.495479
107 642 0.197198
3178 3424 1.948698
3268 3365 3.223714
3079 3340 2.513802
1043 1206 0.323992
2165 1495 0.509153
2150 3279 0.544874
2165 3375 4.991351
2526 2833 1.810512
2138 2150 4.120693
3002 3438 3.520977
618 1206 3.124877
3079 3360 4.227492
3002 3438 3.520977
1821 3949 3.392255
1821 3949 3.392255
3178 3290 3.452311
3265 3302 4.394325
3408 3424 4.602113
3268 3365 3.223714
2133 2150 1.828649
2126 3438 0.716177
3268 3408 1.313104
2429 2477 1.749554
352 1455 4.516018
3178 3408 1.750292
3184 3408 1.834405
1215 1353 4.514576
2163 3375 1.056085
610 716 2.208509
3184 3340 2.048524
716 995 1.012763
716 1098 3.074206
1043 1098 0.663472
3002 3169 3.572688
3079 3360 4.227492
352 3340 3.694668
2833 2861 2.29481
3079 3265 0.643929
2833 2861 2.29481
716 1043 3.199547
3165 3438 2.395873
3079 3315 1.276259
1821 3837 1.495479
107 999 3.336271
1821 3813 3.741851
3178 3290 3.452311
3250 3315 4.628826
3213 3438 3.026036
3250 3424 3.107872
3018 3213 2.110794
107 845 4.926148
1452 1455 1.102391
107 555 4.550747
1455 2156 1.06527
3360 3365 3.430991
3018 3178 4.942843
3184 3408 1.834405
2126 3265 4.043367
3250 3438 4.526501
2163 3375 1.056085
671 1274 2.839994
2126 3079 4.790486
3079 3130 1.17255
3018 3250 1.181241
2138 1455 0.457661
352 3315 4.45165
3340 3408 4.554388
2150 2165 2.560538
618 716 0.057187
3002 3018 3.662709
2214 2165 3.694473
1098 1215 1.035037
642 1274 3.456728
3018 3169 1.11171
2126 3165 2.349572
1098 1274 2.77587
2133 2165 2.635976
2652 2833 0.24687
2126 3204 2.333299
2138 2156 3.06182
352 3340 3.694668
352 3315 4.45165
3268 3315 4.901519
3169 3438 2.694104
2138 2165 3.546267
671 1215 2.621919
3641 3949 1.646826
352 3165 3.870459
2126 2150 2.672012
555 1385 0.416389
3213 3290 4.651241
107 596 1.039598
2133 1455 2.481461
3169 3250 4.1645
1098 1274 2.77587
3340 3360 0.659653
845 995 3.90934
716 995 1.012763
3165 3365 4.244736
3204 2150 1.842935
3340 3408 4.554388
1098 1206 0.049446
3018 3213 2.110794
3079 3130 1.17255
3178 3360 4.27667
1821 2045 1.077088
610 716 2.208509
3213 3250 2.859003
2133 2165 2.635976
3165 3315 0.686903
2133 2150 1.828649
2126 3360 3.055325
3302 3365 0.138396
3265 3360 3.125849
3250 3265 4.993024
2138 2222 0.660706
1455 2150 2.574519
3290 3315 3.84225
995 1098 1.494217
2126 3375 4.536986
3268 3360 3.596293
3268 3340 1.284607
3079 3365 1.455478
533 596 1.602637
352 3293 0.62447
995 1098 1.494217
3184 3365 0.753619
3002 3315 2.087173
107 995 2.507466
352 3340 3.694668
2133 2138 0.218875
3018 3079 4.010948
2126 3360 3.055325
3360 3408 4.29867
2652 2833 0.24687
3315 3365 2.984475
3360 3365 3.430991
533 1206 4.612713
1455 2163 3.988914
2133 2150 1.828649
3130 3178 1.696148
2463 2833 1.716965
352 3002 2.848311
3169 3268 4.706
